# 1
10 0 0
23 0 0
29 0 0
30 0 0
31 0 0
33 0 0
39 0 0
49 0 0
54 0 0
63 0 0
65 0 0
66 0 0
67 0 0
72 0 0
76 0 0
77 0 0
78 0 0
81 0 0
84 0 0
86 0 0
96 0 0
97 0 0
109 0 0
110 15 0
118 0 0
120 0 0
137 0 0
139 0 0
155 0 0
168 0 0
174 2 0
192 0 0
198 0 0
199 0 0
204 0 0
208 0 0
209 0 0
210 0 0
215 0 0
231 0 0
235 0 0
244 0 0
250 0 0
254 0 0
260 0 0
265 0 0
266 0 0
275 0 0
281 0 0
286 0 0
294 1 0
296 0 0
306 0 0
316 0 0
323 0 0
327 0 0
333 0 0
336 0 0
346 0 0
352 0 0
357 0 0
360 0 0
361 0 0
365 0 0
367 0 0
368 0 0
377 0 0
383 0 0
388 10 0
393 0 0
395 0 0
398 0 0
422 0 0
423 0 0
425 0 0
428 0 0
432 0 0
446 0 0
456 0 0
481 0 0
486 0 0
490 0 0
512 0 0
515 0 0
521 0 0
525 0 0
526 0 0
529 0 0
533 0 0
534 0 0
545 0 0
568 0 0
570 0 0
578 0 0
591 0 0
594 1 0
595 0 0
596 0 0
604 0 0
608 0 0
610 0 0
621 0 0
622 0 0
628 0 0
635 0 0
637 0 0
640 1 0
645 0 0
652 0 0
653 0 0
656 0 0
660 0 0
664 0 0
665 0 0
672 0 0
694 0 0
703 0 0
713 0 0
717 0 0
718 0 0
719 0 0
721 0 0
739 15 0
744 0 0
748 0 0
752 0 0
762 0 0
775 0 0
779 0 0
784 0 0
785 0 0
793 0 0
794 0 0
818 1 1
819 0 1
821 1 1
827 1 1
832 1 1
840 1 1
847 1 1
863 1 1
867 1 1
868 2 1
871 1 1
876 1 1
880 1 1
891 1 1
907 1 1
909 1 1
913 1 1
922 1 1
932 6 1
933 1 1
947 1 1
960 1 1
964 1 1
971 1 1
986 1 1
1000 1 1
1001 2 1
1003 1 1
1010 6 1
1018 2 1
1021 1 1
1031 1 1
1035 1 1
1037 1 1
1045 1 1
1049 5 1
1052 1 1
1055 1 1
1060 2 1
1062 1 1
1068 1 1
1073 1 1
1087 1 1
1111 2 1
1114 1 1
1122 1 1
1128 1 1
1133 1 1
1135 1 1
1137 6 1
1140 1 1
1142 1 1
1149 1 1
1150 1 1
1152 1 1
1155 1 1
1163 1 1
1164 1 1
1165 1 1
1172 1 1
1180 1 1
1185 1 1
1190 1 1
1192 1 1
1194 1 1
1196 1 1
1197 1 1
1201 1 1
1206 1 1
1209 1 1
1210 1 1
1212 1 1
1213 1 1
1218 1 1
1229 1 1
1230 1 1
1235 1 1
1242 0 1
1246 1 1
1251 6 1
1258 1 1
1260 1 1
1261 1 1
1276 1 1
1278 1 1
1281 1 1
1284 1 1
1286 1 1
1290 1 1
1294 1 1
1325 1 1
1328 1 1
1330 1 1
1335 1 1
1337 1 1
1338 1 1
1342 1 1
1349 1 1
1350 1 1
1354 1 1
1361 1 1
1365 1 1
1380 0 1
1381 1 1
1382 1 1
1383 1 1
1384 1 1
1386 1 1
1389 1 1
1394 1 1
1402 1 1
1405 1 1
1411 1 1
1414 1 1
1418 1 1
1423 1 1
1429 1 1
1435 1 1
1440 2 1
1450 1 1
1455 1 1
1476 1 1
1481 0 1
1491 1 1
1494 1 1
1503 2 1
1530 1 1
1550 1 1
1555 1 1
1562 1 1
1564 1 1
1565 1 1
1567 1 1
1569 1 1
1578 1 1
1579 1 1
1594 2 1
1617 1 1
1630 1 1
1632 1 1
1639 1 1
1641 1 1
1643 1 1
1644 2 1
1650 1 1
1661 1 1
1667 1 1
1670 1 1
1672 1 1
1673 1 1
1676 1 1
1677 1 1
1727 1 1
1734 1 1
1735 1 1
1737 1 1
1748 1 1
1754 1 1
1758 1 1
1760 1 1
1761 1 1
1766 1 1
1771 2 2
1773 2 2
1783 2 2
1790 1 2
1794 2 2
1800 0 2
1804 2 2
1808 6 2
1811 2 2
1812 6 2
1813 1 2
1814 3 2
1821 2 2
1824 2 2
1828 2 2
1838 2 2
1839 2 2
1841 2 2
1842 2 2
1855 2 2
1865 2 2
1890 2 2
1892 2 2
1898 4 2
1899 3 2
1904 1 2
1917 1 2
1924 2 2
1929 2 2
1937 1 2
1938 2 2
1943 2 2
1946 2 2
1949 1 2
1954 2 2
1956 2 2
1964 2 2
1966 2 2
1968 1 2
1972 2 2
1979 1 2
1982 1 2
1992 1 2
2001 2 2
2003 1 2
2012 2 2
2022 2 2
2042 2 2
2050 2 2
2057 2 2
2064 5 2
2089 2 2
2092 2 2
2097 2 2
2100 2 2
2104 1 2
2105 2 2
2113 2 2
2124 2 2
2136 2 2
2146 2 2
2158 2 2
2165 2 2
2188 2 2
2193 1 2
2204 2 2
2211 2 2
2214 1 2
2224 2 2
2225 2 2
2229 1 2
2236 6 2
2242 6 2
2248 2 2
2251 2 2
2258 2 2
2259 2 2
2263 2 2
2268 2 2
2274 5 2
2275 2 2
2281 2 2
2286 6 2
2302 2 2
2303 2 2
2307 2 2
2309 2 2
2310 2 2
2312 2 2
2313 0 2
2322 2 2
2325 2 2
2333 2 2
2335 1 2
2339 2 2
2346 1 2
2347 2 2
2349 2 2
2360 2 2
2362 2 2
2367 2 2
2374 2 2
2383 2 2
2385 2 2
2406 2 2
2413 1 2
2414 1 2
2423 2 2
2427 6 2
2441 2 2
2463 2 2
2466 0 2
2471 2 2
2491 2 2
2497 2 2
2502 2 2
2505 1 2
2506 1 2
2509 2 2
2514 1 2
2520 1 2
2521 2 2
2534 2 2
2540 2 2
2547 2 2
2550 2 2
2553 2 2
2555 2 2
2565 1 2
2570 6 2
2580 2 2
2594 3 2
2596 2 2
2597 2 2
2605 2 2
2606 2 2
2610 6 2
2611 2 2
2612 2 2
2613 2 2
2616 2 2
2617 2 2
2619 1 2
2622 1 2
2624 1 2
2630 1 2
2632 2 2
2633 2 2
2645 2 2
2656 2 2
2663 2 2
2675 2 2
2676 2 2
2678 2 2
2681 0 2
2701 2 2
2705 2 2
2708 2 2
2711 2 2
2719 2 2
2721 1 2
2736 3 3
2740 3 3
2741 1 3
2744 3 3
2745 1 3
2748 6 3
2754 3 3
2757 1 3
2759 3 3
2763 3 3
2768 1 3
2780 1 3
2782 3 3
2783 2 3
2785 1 3
2790 3 3
2808 1 3
2810 1 3
2815 3 3
2818 1 3
2820 3 3
2824 2 3
2825 3 3
2826 3 3
2836 3 3
2840 3 3
2851 6 3
2860 4 3
2867 1 3
2880 3 3
2881 6 3
2911 3 3
2915 2 3
2916 3 3
2927 1 3
2936 2 3
2939 3 3
2947 1 3
2951 3 3
2959 4 3
2960 3 3
2961 1 3
2967 3 3
2974 3 3
2983 2 3
2993 3 3
2994 3 3
3012 6 3
3022 3 3
3028 3 3
3033 1 3
3042 3 3
3052 1 3
3069 3 3
3075 3 3
3076 3 3
3079 2 3
3081 3 3
3082 1 3
3085 3 3
3088 1 3
3097 3 3
3098 3 3
3115 3 3
3119 2 3
3120 1 3
3122 2 3
3124 3 3
3126 3 3
3133 3 3
3135 1 3
3158 3 3
3159 1 3
3169 1 3
3174 6 3
3176 3 3
3178 1 3
3181 2 3
3182 1 3
3189 2 3
3192 2 3
3200 3 3
3203 2 3
3204 6 3
3214 1 3
3219 1 3
3227 1 3
3233 1 3
3242 3 3
3243 3 3
3248 1 3
3252 2 3
3258 2 3
3265 1 3
3266 1 3
3285 1 3
3295 3 3
3296 1 3
3300 3 3
3319 1 3
3325 1 3
3338 1 3
3347 2 3
3351 1 3
3353 4 3
3360 3 3
3374 1 3
3386 1 3
3388 3 3
3393 3 3
3399 1 3
3404 3 3
3415 3 3
3423 0 3
3441 3 3
3442 2 3
3448 6 3
3451 3 3
3457 1 3
3467 1 3
3470 3 3
3478 3 3
3479 1 3
3484 3 3
3488 3 3
3492 3 3
3494 1 3
3495 1 3
3502 3 3
3508 3 3
3523 1 3
3524 1 3
3525 1 3
3533 2 3
3534 2 3
3535 1 3
3541 3 3
3542 1 3
3548 3 3
3550 2 3
3560 3 3
3564 1 3
3574 3 3
3576 1 3
3588 2 3
3596 1 3
3599 3 3
3601 1 3
3615 4 3
3621 3 3
3640 1 3
3641 6 3
3650 0 3
3659 3 3
3670 1 3
3673 1 3
3675 3 3
3677 3 3
3682 3 3
3687 3 3
3693 3 3
3696 3 3
3703 2 3
3705 3 3
3718 4 4
3720 4 4
3733 6 4
3737 4 4
3739 4 4
3740 2 4
3743 4 4
3751 3 4
3760 2 4
3769 4 4
3773 4 4
3775 10 4
3776 1 4
3779 1 4
3781 0 4
3784 4 4
3810 1 4
3812 1 4
3824 1 4
3826 1 4
3829 2 4
3839 4 4
3840 4 4
3845 1 4
3851 4 4
3853 1 4
3855 1 4
3858 4 4
3861 1 4
3872 1 4
3881 4 4
3889 3 4
3893 4 4
3899 4 4
3909 4 4
3910 2 4
3920 2 4
3931 2 4
3933 1 4
3938 4 4
3941 4 4
3945 1 4
3950 1 4
3952 4 4
3955 1 4
3959 4 4
3960 4 4
3966 1 4
3968 4 4
3970 1 4
3972 1 4
3978 4 4
3985 0 4
3995 1 4
4001 2 4
4002 1 4
4007 1 4
4009 1 4
4025 4 4
4044 4 4
4055 4 4
4057 3 4
4059 4 4
4060 4 4
4073 1 4
4074 4 4
4075 4 4
4104 1 4
4106 6 4
4111 4 4
4115 6 4
4117 1 4
4122 4 4
4125 4 4
4126 4 4
4138 1 4
4139 1 4
4141 4 4
4148 2 4
4154 4 4
4156 1 4
4158 1 4
4163 1 4
4169 1 4
4175 4 4
4176 4 4
4179 2 4
4181 6 4
4188 1 4
4209 4 4
4212 4 4
4219 2 4
4235 6 4
4243 2 4
4263 1 4
4271 10 4
4281 1 4
4285 4 4
4303 3 4
4316 4 4
4326 4 4
4327 4 4
4333 4 4
4361 1 4
4366 1 4
4375 1 4
4379 4 4
4394 6 4
4397 1 4
4401 6 4
4406 4 4
4412 4 4
4413 4 4
4414 1 4
4421 1 4
4422 4 4
4424 4 4
4433 4 4
4434 1 4
4435 1 4
4444 1 4
4450 4 4
4458 1 4
4460 1 4
4477 4 4
4478 1 4
4492 4 4
4507 4 4
4512 1 4
4514 4 4
4516 2 4
4519 4 4
4521 4 4
4525 4 4
4526 4 4
4529 4 4
4531 4 4
4536 4 4
4537 1 4
4539 4 4
4546 1 4
4549 4 4
4551 4 4
4560 4 4
4569 3 4
4574 4 4
4582 3 4
4588 4 4
4592 2 4
4615 4 4
4618 0 4
4620 1 4
4622 1 4
4624 2 4
4625 1 4
4632 1 4
4646 1 4
4650 0 4
4659 4 4
4660 6 4
4672 5 5
4674 1 5
4677 1 5
4681 3 5
4686 5 5
4689 1 5
4698 2 5
4699 5 5
4711 1 5
4716 0 5
4719 1 5
4720 5 5
4744 1 5
4745 5 5
4750 1 5
4757 1 5
4760 2 5
4767 1 5
4786 5 5
4789 1 5
4795 2 5
4796 1 5
4800 6 5
4813 5 5
4818 1 5
4819 5 5
4822 5 5
4830 5 5
4834 5 5
4837 5 5
4839 5 5
4864 5 5
4881 5 5
4884 5 5
4896 5 5
4916 5 5
4919 1 5
4922 1 5
4926 3 5
4928 0 5
4939 2 5
4940 2 5
4945 1 5
4950 1 5
4956 5 5
4957 1 5
4960 5 5
4970 5 5
4971 1 5
4977 2 5
4978 1 5
4981 6 5
4982 0 5
4998 1 5
5006 5 5
5011 1 5
5013 1 5
5017 2 5
5018 5 5
5019 1 5
5027 1 5
5039 1 5
5047 5 5
5051 0 5
5059 5 5
5063 1 5
5066 5 5
5067 5 5
5074 1 5
5075 5 5
5078 1 5
5079 6 5
5084 1 5
5092 1 5
5094 5 5
5097 0 5
5100 1 5
5101 1 5
5114 2 5
5122 1 5
5128 5 5
5131 5 5
5140 1 5
5148 1 5
5149 5 5
5156 1 5
5161 2 5
5175 10 5
5185 5 5
5189 1 5
5191 1 5
5193 6 5
5198 5 5
5207 1 5
5210 5 5
5214 1 5
5221 5 5
5223 1 5
5226 2 5
5231 1 5
5234 6 5
5237 1 5
5241 5 5
5246 5 5
5259 5 5
5267 5 5
5274 5 5
5275 5 5
5298 1 5
5300 1 5
5336 1 5
5346 5 5
5354 1 5
5356 5 5
5362 5 5
5368 2 5
5371 5 5
5375 1 5
5377 2 5
5385 1 5
5388 1 5
5392 5 5
5396 5 5
5402 1 5
5403 5 5
5406 5 5
5408 1 5
5410 1 5
5413 1 5
5415 5 5
5417 5 5
5420 5 5
5422 5 5
5429 5 5
5437 5 5
5438 5 5
5457 1 5
5458 5 5
5469 5 5
5480 0 5
5492 3 5
5516 5 5
5525 1 5
5529 5 5
5536 1 5
5543 3 5
5553 1 5
5562 1 5
5572 6 5
5579 5 5
5583 1 5
5585 5 5
5586 1 5
5591 5 5
5592 1 5
5594 1 5
5602 1 5
5622 1 5
5624 2 5
5631 1 5
5632 1 5
5636 5 5
5641 3 5
5643 6 6
5644 6 6
5646 6 6
5665 6 6
5668 6 6
5673 6 6
5682 6 6
5688 6 6
5696 1 6
5698 6 6
5702 6 6
5704 6 6
5722 6 6
5732 6 6
5738 6 6
5748 6 6
5762 6 6
5765 6 6
5773 3 6
5774 6 6
5779 6 6
5780 6 6
5781 6 6
5786 6 6
5790 1 6
5800 6 6
5804 6 6
5806 6 6
5807 6 6
5808 6 6
5815 6 6
5825 6 6
5839 6 6
5843 1 6
5846 6 6
5851 1 6
5854 1 6
5859 6 6
5860 6 6
5864 6 6
5869 6 6
5871 0 6
5872 6 6
5875 6 6
5876 6 6
5889 6 6
5891 6 6
5895 6 6
5903 6 6
5922 6 6
5927 6 6
5934 6 6
5936 1 6
5941 6 6
5948 6 6
5949 6 6
5952 1 6
5970 6 6
5976 6 6
5992 1 6
6001 6 6
6006 6 6
6025 1 6
6026 6 6
6030 6 6
6034 6 6
6035 6 6
6038 6 6
6039 6 6
6040 6 6
6044 6 6
6047 6 6
6048 6 6
6056 6 6
6058 6 6
6060 6 6
6071 2 6
6072 6 6
6073 6 6
6087 6 6
6097 6 6
6100 1 6
6102 6 6
6118 6 6
6120 6 6
6123 6 6
6124 2 6
6159 6 6
6167 6 6
6174 6 6
6177 6 6
6187 6 6
6189 1 6
6191 6 6
6193 6 6
6196 6 6
6203 6 6
6205 6 6
6211 6 6
6213 6 6
6223 3 6
6226 6 6
6230 6 6
6231 6 6
6238 6 6
6239 6 6
6246 6 6
6250 6 6
6255 6 6
6256 6 6
6261 6 6
6272 6 6
6279 6 6
6281 6 6
6287 6 6
6291 6 6
6296 6 6
6305 6 6
6309 6 6
6324 6 6
6325 3 6
6328 6 6
6337 1 6
6338 1 6
6376 6 6
6383 6 6
6386 6 6
6388 3 6
6389 6 6
6393 6 6
6400 6 6
6401 6 6
6408 2 6
6415 6 6
6424 6 6
6425 1 6
6428 6 6
6454 2 6
6456 6 6
6466 6 6
6470 1 6
6473 6 6
6474 6 6
6483 1 6
6495 6 6
6501 6 6
6504 1 6
6507 6 6
6510 6 6
6511 6 6
6512 6 6
6514 6 6
6515 6 6
6517 6 6
6529 6 6
6536 6 6
6538 1 6
6540 6 6
6544 6 6
6545 4 6
6556 1 6
6607 7 7
6610 1 7
6619 7 7
6621 7 7
6625 2 7
6626 0 7
6627 1 7
6628 7 7
6633 7 7
6635 7 7
6639 1 7
6640 7 7
6642 1 7
6651 7 7
6654 7 7
6657 1 7
6664 7 7
6670 1 7
6671 7 7
6695 1 7
6700 0 7
6719 7 7
6737 2 7
6741 7 7
6745 6 7
6746 1 7
6757 2 7
6764 1 7
6767 7 7
6777 1 7
6788 7 7
6794 1 7
6805 7 7
6806 7 7
6807 7 7
6821 1 7
6831 3 7
6834 1 7
6835 7 7
6839 7 7
6847 7 7
6849 0 7
6853 7 7
6856 7 7
6861 1 7
6866 1 7
6868 7 7
6873 7 7
6876 4 7
6881 7 7
6894 7 7
6903 7 7
6909 1 7
6915 7 7
6919 1 7
6920 7 7
6921 7 7
6924 0 7
6927 2 7
6936 7 7
6946 7 7
6949 7 7
6950 2 7
6951 2 7
6952 3 7
6955 2 7
6957 0 7
6958 0 7
6962 1 7
6963 7 7
6966 0 7
6969 0 7
6975 7 7
6976 2 7
6978 7 7
6990 7 7
6993 6 7
6999 7 7
7003 7 7
7004 7 7
7016 7 7
7019 7 7
7023 7 7
7024 1 7
7027 3 7
7032 1 7
7055 1 7
7060 7 7
7069 7 7
7071 7 7
7080 7 7
7085 3 7
7087 7 7
7094 7 7
7099 7 7
7108 7 7
7111 1 7
7112 7 7
7115 7 7
7123 7 7
7145 2 7
7153 7 7
7154 7 7
7155 1 7
7166 1 7
7167 7 7
7170 2 7
7181 7 7
7184 7 7
7197 9 7
7208 1 7
7226 0 7
7228 7 7
7239 1 7
7242 1 7
7244 7 7
7245 1 7
7248 6 7
7269 2 7
7272 7 7
7287 7 7
7289 0 7
7290 7 7
7296 0 7
7305 0 7
7310 7 7
7315 7 7
7316 7 7
7323 1 7
7330 6 7
7331 7 7
7338 7 7
7345 7 7
7350 0 7
7352 7 7
7356 0 7
7358 7 7
7361 7 7
7377 1 7
7388 7 7
7391 1 7
7395 1 7
7413 7 7
7425 7 7
7436 1 7
7438 1 7
7447 7 7
7462 7 7
7467 7 7
7473 7 7
7493 7 7
7506 3 7
7514 1 7
7518 7 7
7532 7 7
7534 2 7
7536 7 7
7544 7 7
7545 7 7
7546 0 7
7549 7 7
7550 7 7
7554 7 7
7558 7 7
7575 1 7
7596 8 8
7606 8 8
7610 6 8
7614 1 8
7624 1 8
7629 8 8
7639 8 8
7645 7 8
7652 2 8
7656 0 8
7671 8 8
7672 8 8
7677 1 8
7687 1 8
7704 8 8
7709 1 8
7715 8 8
7718 1 8
7723 8 8
7727 8 8
7736 8 8
7739 8 8
7747 8 8
7756 8 8
7766 8 8
7782 8 8
7784 8 8
7786 6 8
7792 1 8
7797 1 8
7814 8 8
7819 8 8
7823 8 8
7831 8 8
7836 8 8
7841 8 8
7842 8 8
7845 8 8
7854 0 8
7856 8 8
7858 8 8
7863 8 8
7865 8 8
7871 0 8
7879 8 8
7885 8 8
7894 8 8
7895 2 8
7897 1 8
7899 8 8
7900 8 8
7908 8 8
7910 3 8
7913 8 8
7925 0 8
7930 2 8
7931 8 8
7932 0 8
7935 8 8
7945 8 8
7954 8 8
7957 8 8
7961 8 8
7968 2 8
7970 8 8
7973 8 8
7984 8 8
7992 6 8
7996 8 8
7997 2 8
8013 1 8
8014 1 8
8018 0 8
8020 8 8
8021 8 8
8022 8 8
8027 0 8
8060 1 8
8063 8 8
8068 8 8
8072 1 8
8076 0 8
8078 8 8
8079 8 8
8080 8 8
8087 8 8
8098 8 8
8113 8 8
8115 8 8
8117 8 8
8122 6 8
8133 8 8
8136 4 8
8143 8 8
8159 8 8
8165 1 8
8179 6 8
8181 8 8
8185 8 8
8195 8 8
8198 0 8
8207 1 8
8212 8 8
8218 6 8
8234 1 8
8235 8 8
8243 1 8
8245 1 8
8246 8 8
8253 5 8
8254 8 8
8255 8 8
8264 3 8
8266 8 8
8274 0 8
8276 6 8
8277 8 8
8278 8 8
8292 8 8
8310 2 8
8325 7 8
8333 8 8
8339 8 8
8340 8 8
8351 8 8
8359 1 8
8365 8 8
8366 8 8
8385 8 8
8396 8 8
8402 0 8
8414 8 8
8417 0 8
8422 1 8
8429 8 8
8443 8 8
8447 8 8
8448 0 8
8451 8 8
8452 8 8
8454 2 8
8455 1 8
8464 1 8
8469 8 8
8471 6 8
8473 8 8
8479 8 8
8488 8 8
8496 8 8
8497 1 8
8500 8 8
8501 8 8
8508 1 8
8521 0 8
8530 8 8
8531 8 8
8532 1 8
8537 1 8
8540 8 8
8541 1 8
8542 8 8
8562 6 8
8569 8 8
8573 1 8
8575 8 8
8583 1 8
8585 0 9
8588 0 9
8589 9 9
8597 1 9
8598 9 9
8601 0 9
8611 1 9
8612 9 9
8614 1 9
8616 9 9
8648 9 9
8652 9 9
8656 9 9
8657 9 9
8660 9 9
8681 9 9
8682 9 9
8694 1 9
8695 1 9
8701 9 9
8706 9 9
8710 9 9
8716 9 9
8726 9 9
8732 9 9
8752 0 9
8758 9 9
8785 9 9
8791 1 9
8799 9 9
8829 10 9
8830 9 9
8831 2 9
8832 0 9
8835 9 9
8836 9 9
8840 9 9
8847 1 9
8848 9 9
8852 9 9
8869 0 9
8875 0 9
8878 9 9
8880 9 9
8885 9 9
8890 6 9
8891 9 9
8901 9 9
8906 9 9
8914 1 9
8925 9 9
8927 0 9
8934 9 9
8935 9 9
8936 9 9
8940 6 9
8949 9 9
8954 9 9
8968 9 9
8974 9 9
8984 9 9
8985 2 9
8995 9 9
8998 0 9
9001 9 9
9010 9 9
9018 3 9
9019 9 9
9020 1 9
9027 9 9
9035 1 9
9036 9 9
9038 0 9
9049 9 9
9053 9 9
9056 9 9
9062 1 9
9066 1 9
9069 9 9
9071 9 9
9072 9 9
9073 9 9
9077 9 9
9079 1 9
9083 9 9
9089 9 9
9093 9 9
9097 9 9
9098 9 9
9100 9 9
9103 9 9
9110 9 9
9116 9 9
9117 9 9
9118 0 9
9121 9 9
9122 9 9
9124 9 9
9126 2 9
9141 9 9
9147 0 9
9148 9 9
9149 6 9
9157 1 9
9159 9 9
9161 9 9
9162 9 9
9169 9 9
9182 9 9
9195 9 9
9201 9 9
9206 9 9
9225 9 9
9227 9 9
9234 2 9
9236 9 9
9246 1 9
9247 9 9
9257 9 9
9273 9 9
9278 0 9
9293 6 9
9304 9 9
9307 9 9
9308 9 9
9311 10 9
9312 9 9
9318 9 9
9323 9 9
9331 9 9
9335 0 9
9339 9 9
9347 9 9
9355 9 9
9370 5 9
9374 4 9
9387 9 9
9390 1 9
9399 0 9
9408 6 9
9409 9 9
9421 1 9
9422 9 9
9426 9 9
9433 9 9
9435 9 9
9436 9 9
9438 9 9
9446 9 9
9453 6 9
9456 9 9
9465 9 9
9473 9 9
9474 9 9
9480 0 9
9497 9 9
9499 9 9
9501 1 9
9506 9 9
9511 9 9
9520 9 9
9524 10 9
9529 1 9
9535 1 9
9560 9 9
9561 2 9
9581 10 10
9583 10 10
9594 10 10
9598 10 10
9605 10 10
9610 10 10
9611 10 10
9615 10 10
9616 10 10
9618 10 10
9621 10 10
9647 10 10
9663 1 10
9671 10 10
9673 10 10
9674 10 10
9676 10 10
9684 10 10
9692 10 10
9693 0 10
9696 1 10
9697 10 10
9705 10 10
9713 10 10
9716 10 10
9726 10 10
9727 10 10
9738 6 10
9747 10 10
9750 1 10
9761 10 10
9766 10 10
9771 10 10
9788 1 10
9792 10 10
9796 10 10
9808 10 10
9813 1 10
9817 1 10
9819 10 10
9824 10 10
9835 0 10
9839 10 10
9874 10 10
9888 10 10
9890 10 10
9892 10 10
9894 10 10
9895 1 10
9898 0 10
9916 10 10
9918 10 10
9923 10 10
9934 10 10
9936 10 10
9942 7 10
9947 10 10
9948 1 10
9967 10 10
9971 1 10
9980 10 10
9982 10 10
9989 10 10
9998 0 10
10001 10 10
10003 10 10
10006 10 10
10016 1 10
10020 10 10
10025 10 10
10027 9 10
10028 1 10
10029 10 10
10030 10 10
10035 1 10
10044 10 10
10048 10 10
10065 10 10
10069 10 10
10078 10 10
10079 10 10
10080 9 10
10088 10 10
10090 10 10
10091 1 10
10099 10 10
10100 0 10
10105 10 10
10106 10 10
10110 2 10
10123 10 10
10128 10 10
10129 1 10
10141 0 10
10142 10 10
10143 0 10
10148 10 10
10149 10 10
10152 10 10
10164 10 10
10166 1 10
10176 10 10
10181 1 10
10187 10 10
10196 10 10
10207 10 10
10220 6 10
10225 10 10
10226 10 10
10234 10 10
10236 10 10
10237 10 10
10239 0 10
10240 1 10
10245 10 10
10252 3 10
10261 1 10
10271 0 10
10273 10 10
10277 10 10
10294 1 10
10300 10 10
10310 10 10
10314 10 10
10316 10 10
10320 10 10
10331 9 10
10332 1 10
10334 10 10
10337 10 10
10340 1 10
10374 10 10
10380 10 10
10384 0 10
10400 10 10
10402 10 10
10403 10 10
10408 10 10
10410 10 10
10412 1 10
10425 10 10
10432 18 10
10434 10 10
10435 1 10
10447 10 10
10448 1 10
10458 0 10
10459 10 10
10462 10 10
10467 10 10
10471 10 10
10479 2 10
10480 10 10
10481 10 10
10494 10 10
10497 10 10
10502 1 10
10508 10 10
10511 10 10
10514 10 10
10516 10 10
10523 1 10
10524 10 10
10526 10 10
10536 6 10
10550 10 10
10556 4 10
10580 11 11
10588 11 11
10590 11 11
10602 11 11
10604 11 11
10608 11 11
10619 1 11
10620 2 11
10624 0 11
10626 11 11
10631 1 11
10632 11 11
10637 11 11
10639 0 11
10649 11 11
10652 11 11
10657 11 11
10668 11 11
10672 11 11
10673 11 11
10677 11 11
10682 11 11
10690 11 11
10691 0 11
10692 2 11
10693 11 11
10700 11 11
10704 11 11
10714 11 11
10719 1 11
10722 1 11
10724 1 11
10726 1 11
10730 11 11
10736 0 11
10751 2 11
10754 11 11
10760 1 11
10770 11 11
10786 1 11
10798 11 11
10804 0 11
10812 1 11
10813 11 11
10816 1 11
10820 11 11
10825 11 11
10826 0 11
10837 0 11
10848 11 11
10850 11 11
10857 1 11
10861 11 11
10864 1 11
10871 11 11
10878 11 11
10884 1 11
10885 11 11
10888 1 11
10889 11 11
10896 1 11
10897 1 11
10903 5 11
10917 0 11
10923 0 11
10925 1 11
10926 1 11
10935 1 11
10941 1 11
10943 16 11
10944 11 11
10949 11 11
10963 0 11
10964 1 11
10965 1 11
10966 11 11
10969 11 11
10992 11 11
10993 11 11
11000 11 11
11003 11 11
11006 11 11
11016 11 11
11035 11 11
11058 6 11
11065 11 11
11068 11 11
11078 8 11
11082 11 11
11084 11 11
11098 11 11
11105 11 11
11106 11 11
11110 2 11
11111 11 11
11122 1 11
11123 2 11
11129 0 11
11139 1 11
11144 1 11
11145 11 11
11151 2 11
11158 1 11
11165 1 11
11167 1 11
11168 1 11
11169 11 11
11199 11 11
11200 11 11
11209 11 11
11210 2 11
11215 11 11
11225 11 11
11230 11 11
11240 11 11
11252 11 11
11258 11 11
11283 11 11
11296 11 11
11298 0 11
11301 11 11
11310 1 11
11317 11 11
11318 1 11
11321 11 11
11325 11 11
11335 3 11
11340 0 11
11354 11 11
11358 11 11
11359 1 11
11372 11 11
11375 1 11
11383 11 11
11390 11 11
11393 11 11
11395 0 11
11398 0 11
11400 11 11
11404 1 11
11408 11 11
11416 1 11
11425 11 11
11426 11 11
11430 11 11
11433 11 11
11438 11 11
11440 11 11
11446 11 11
11453 11 11
11457 11 11
11472 1 11
11480 0 11
11483 11 11
11488 1 11
11495 11 11
11504 11 11
11517 11 11
11523 11 11
11527 11 11
11531 11 11
11547 1 11
11548 11 11
11555 11 11
11557 1 11
11566 1 12
11569 1 12
11579 1 12
11580 0 12
11596 1 12
11599 3 12
11621 3 12
11627 1 12
11633 1 12
11634 2 12
11636 2 12
11638 1 12
11642 12 12
11654 12 12
11666 6 12
11667 1 12
11669 2 12
11673 1 12
11677 0 12
11680 0 12
11681 0 12
11687 2 12
11689 3 12
11690 0 12
11699 12 12
11713 12 12
11714 12 12
11715 1 12
11716 3 12
11726 1 12
11731 12 12
11732 0 12
11736 1 12
11746 2 12
11751 1 12
11752 1 12
11764 1 12
11766 2 12
11767 12 12
11772 1 12
11777 0 12
11786 12 12
11792 1 12
11793 2 12
11802 1 12
11804 1 12
11811 12 12
11824 2 12
11827 1 12
11830 12 12
11832 3 12
11851 1 12
11854 3 12
11859 1 12
11868 1 12
11873 12 12
11875 1 12
11876 1 12
11878 12 12
11894 6 12
11896 1 12
11903 1 12
11908 1 12
11913 1 12
11914 12 12
11915 2 12
11918 6 12
11925 2 12
11933 1 12
11937 1 12
11940 12 12
11943 0 12
11949 12 12
11952 2 12
11958 0 12
11960 6 12
11965 1 12
11968 1 12
11974 12 12
11993 3 12
11994 7 12
11999 12 12
12002 1 12
12016 2 12
12018 3 12
12024 12 12
12030 2 12
12032 2 12
12034 1 12
12039 1 12
12052 1 12
12057 3 12
12068 6 12
12069 0 12
12082 1 12
12085 12 12
12089 6 12
12090 1 12
12091 12 12
12107 2 12
12118 12 12
12127 1 12
12135 3 12
12150 12 12
12158 1 12
12171 1 12
12174 12 12
12175 3 12
12192 1 12
12193 1 12
12213 12 12
12214 0 12
12220 12 12
12226 2 12
12233 3 12
12259 1 12
12264 12 12
12271 2 12
12281 1 12
12290 12 12
12292 12 12
12294 1 12
12311 12 12
12317 12 12
12321 6 12
12325 0 12
12327 1 12
12331 0 12
12343 12 12
12344 1 12
12346 1 12
12351 1 12
12366 6 12
12369 12 12
12376 12 12
12380 12 12
12395 12 12
12399 1 12
12400 1 12
12406 9 12
12407 0 12
12412 6 12
12413 1 12
12425 1 12
12432 12 12
12438 1 12
12441 1 12
12460 6 12
12465 4 12
12471 12 12
12477 1 12
12484 12 12
12490 12 12
12491 12 12
12493 1 12
12494 12 12
12508 1 12
12510 12 12
12515 1 12
12519 12 12
12520 1 12
12531 12 12
12535 12 12
12544 1 12
12546 0 13
12550 13 13
12553 1 13
12562 1 13
12563 13 13
12567 13 13
12573 14 13
12575 13 13
12585 13 13
12596 13 13
12603 1 13
12608 1 13
12619 13 13
12620 13 13
12623 0 13
12636 13 13
12638 2 13
12642 13 13
12660 0 13
12666 0 13
12667 13 13
12674 1 13
12683 1 13
12692 0 13
12697 13 13
12702 1 13
12707 1 13
12708 13 13
12709 0 13
12719 10 13
12728 13 13
12733 13 13
12735 0 13
12736 0 13
12738 0 13
12741 2 13
12743 13 13
12748 13 13
12752 13 13
12754 1 13
12757 1 13
12766 0 13
12767 1 13
12769 13 13
12782 13 13
12788 0 13
12793 13 13
12806 1 13
12825 13 13
12827 13 13
12840 13 13
12843 0 13
12845 13 13
12846 1 13
12849 1 13
12854 1 13
12866 1 13
12868 1 13
12881 1 13
12882 13 13
12885 13 13
12890 1 13
12893 1 13
12898 0 13
12903 1 13
12908 13 13
12918 1 13
12919 1 13
12922 1 13
12930 13 13
12931 13 13
12935 0 13
12937 0 13
12948 13 13
12949 0 13
12950 0 13
12952 1 13
12972 13 13
12977 0 13
12982 13 13
12985 1 13
13002 13 13
13014 13 13
13015 1 13
13016 13 13
13017 13 13
13026 13 13
13037 2 13
13042 2 13
13043 13 13
13044 13 13
13045 13 13
13056 1 13
13063 13 13
13067 13 13
13079 1 13
13089 1 13
13091 1 13
13101 13 13
13105 3 13
13168 13 13
13170 13 13
13174 13 13
13176 0 13
13179 1 13
13185 13 13
13195 1 13
13223 0 13
13224 2 13
13225 13 13
13230 1 13
13237 17 13
13241 0 13
13249 13 13
13255 13 13
13257 0 13
13260 0 13
13272 0 13
13284 2 13
13297 0 13
13303 0 13
13308 13 13
13314 13 13
13318 1 13
13333 0 13
13334 13 13
13354 13 13
13357 1 13
13365 6 13
13372 0 13
13379 13 13
13380 13 13
13381 0 13
13393 13 13
13394 13 13
13397 1 13
13398 13 13
13400 3 13
13406 1 13
13410 6 13
13423 1 13
13428 13 13
13437 6 13
13442 0 13
13443 13 13
13451 1 13
13452 1 13
13458 1 13
13460 13 13
13463 13 13
13467 1 13
13473 12 13
13477 13 13
13488 13 13
13495 13 13
13497 2 13
13501 13 13
13502 0 13
13511 13 13
13517 13 13
13518 1 13
13519 13 13
13522 6 13
13525 0 13
13526 0 13
13537 1 14
13543 14 14
13544 14 14
13555 1 14
13557 14 14
13565 14 14
13572 14 14
13581 0 14
13602 14 14
13617 14 14
13620 1 14
13628 0 14
13630 14 14
13631 14 14
13632 14 14
13644 14 14
13650 14 14
13656 1 14
13661 1 14
13667 14 14
13669 1 14
13670 0 14
13671 1 14
13675 14 14
13680 1 14
13689 14 14
13699 14 14
13701 14 14
13702 14 14
13709 14 14
13713 14 14
13716 14 14
13724 14 14
13729 14 14
13730 2 14
13740 0 14
13748 0 14
13758 2 14
13761 14 14
13762 14 14
13764 14 14
13768 14 14
13771 14 14
13779 14 14
13780 14 14
13792 14 14
13795 1 14
13796 1 14
13798 14 14
13815 1 14
13825 14 14
13831 14 14
13835 14 14
13851 14 14
13855 6 14
13875 14 14
13877 8 14
13882 14 14
13883 6 14
13890 1 14
13892 1 14
13899 0 14
13906 14 14
13909 3 14
13916 14 14
13926 1 14
13939 14 14
13945 14 14
13951 14 14
13956 14 14
13957 14 14
13959 14 14
13972 14 14
13973 0 14
13979 14 14
13981 0 14
13982 14 14
13991 1 14
13993 14 14
14001 14 14
14004 6 14
14010 14 14
14014 14 14
14016 14 14
14018 14 14
14021 14 14
14024 14 14
14041 14 14
14051 1 14
14060 14 14
14064 14 14
14067 14 14
14069 14 14
14081 14 14
14087 0 14
14092 14 14
14141 14 14
14142 0 14
14146 1 14
14168 14 14
14173 1 14
14174 14 14
14182 14 14
14190 6 14
14195 14 14
14198 1 14
14202 14 14
14203 14 14
14204 14 14
14206 1 14
14214 0 14
14218 14 14
14221 1 14
14224 14 14
14226 14 14
14236 14 14
14237 14 14
14238 1 14
14243 14 14
14247 14 14
14263 6 14
14265 14 14
14266 1 14
14269 14 14
14273 14 14
14275 14 14
14278 14 14
14282 0 14
14295 14 14
14301 14 14
14308 14 14
14321 0 14
14325 0 14
14329 14 14
14363 1 14
14365 14 14
14371 14 14
14374 1 14
14383 14 14
14384 1 14
14390 14 14
14403 1 14
14407 0 14
14412 14 14
14420 1 14
14425 14 14
14433 0 14
14434 14 14
14440 14 14
14452 14 14
14453 14 14
14455 0 14
14465 0 14
14467 14 14
14475 14 14
14478 14 14
14479 14 14
14480 14 14
14496 0 14
14497 14 14
14507 14 14
14510 14 14
14511 2 14
14516 14 14
14517 14 14
14525 15 15
14529 15 15
14540 15 15
14547 15 15
14553 15 15
14557 1 15
14572 0 15
14575 1 15
14579 6 15
14585 15 15
14588 7 15
14593 15 15
14594 1 15
14598 15 15
14606 15 15
14611 0 15
14612 15 15
14613 0 15
14618 15 15
14634 2 15
14635 15 15
14637 15 15
14639 0 15
14644 15 15
14647 15 15
14648 15 15
14656 15 15
14659 15 15
14676 0 15
14678 15 15
14681 15 15
14688 15 15
14689 4 15
14690 15 15
14691 15 15
14701 1 15
14705 15 15
14710 0 15
14727 15 15
14729 0 15
14733 15 15
14747 1 15
14756 15 15
14761 15 15
14778 2 15
14779 15 15
14787 0 15
14793 15 15
14800 1 15
14806 15 15
14810 15 15
14813 15 15
14814 0 15
14827 15 15
14831 1 15
14840 0 15
14841 15 15
14845 15 15
14848 15 15
14849 15 15
14858 15 15
14859 15 15
14867 15 15
14871 15 15
14896 15 15
14916 15 15
14929 10 15
14930 1 15
14936 1 15
14938 15 15
14944 15 15
14945 15 15
14949 1 15
14952 15 15
14963 15 15
14967 1 15
14982 1 15
14985 15 15
14990 15 15
15003 15 15
15013 15 15
15014 15 15
15023 2 15
15030 15 15
15036 15 15
15047 1 15
15057 0 15
15064 15 15
15065 15 15
15069 0 15
15071 0 15
15074 0 15
15085 0 15
15089 15 15
15092 15 15
15101 0 15
15105 15 15
15126 15 15
15137 0 15
15140 15 15
15141 15 15
15153 15 15
15158 1 15
15159 15 15
15165 0 15
15192 15 15
15193 1 15
15196 15 15
15197 15 15
15200 15 15
15202 1 15
15209 15 15
15217 15 15
15229 15 15
15231 15 15
15234 15 15
15240 15 15
15246 15 15
15252 15 15
15253 1 15
15270 15 15
15276 15 15
15278 1 15
15281 0 15
15284 15 15
15285 15 15
15287 0 15
15289 0 15
15295 15 15
15296 0 15
15297 15 15
15301 1 15
15311 15 15
15316 0 15
15319 0 15
15332 15 15
15333 0 15
15349 1 15
15353 15 15
15354 15 15
15360 15 15
15368 1 15
15375 0 15
15382 15 15
15387 15 15
15393 0 15
15396 15 15
15407 15 15
15415 15 15
15416 2 15
15419 1 15
15421 15 15
15422 15 15
15424 15 15
15427 15 15
15433 15 15
15450 0 15
15452 15 15
15455 15 15
15457 15 15
15459 15 15
15462 0 15
15481 15 15
15484 15 15
15505 0 15
15510 0 15
15517 1 16
15528 0 16
15529 16 16
15533 16 16
15534 0 16
15539 16 16
15562 16 16
15570 10 16
15577 16 16
15578 16 16
15584 0 16
15586 1 16
15588 16 16
15594 11 16
15598 16 16
15599 1 16
15602 0 16
15608 16 16
15621 0 16
15637 0 16
15638 16 16
15640 16 16
15641 16 16
15648 3 16
15653 16 16
15671 16 16
15678 0 16
15681 1 16
15685 1 16
15695 1 16
15696 0 16
15710 8 16
15711 16 16
15718 17 16
15730 16 16
15735 0 16
15739 0 16
15743 16 16
15752 0 16
15765 0 16
15771 1 16
15782 16 16
15784 14 16
15794 16 16
15796 16 16
15798 16 16
15806 0 16
15817 16 16
15826 16 16
15830 0 16
15833 2 16
15834 9 16
15842 16 16
15859 16 16
15864 8 16
15868 16 16
15873 1 16
15883 0 16
15890 16 16
15900 16 16
15908 16 16
15915 0 16
15920 1 16
15921 16 16
15931 16 16
15932 16 16
15939 0 16
15945 16 16
15950 0 16
15957 0 16
15961 16 16
15968 2 16
15974 16 16
15983 16 16
15987 0 16
15990 16 16
15996 16 16
16009 16 16
16018 16 16
16022 16 16
16023 1 16
16024 1 16
16031 0 16
16046 16 16
16051 0 16
16064 0 16
16072 16 16
16074 0 16
16076 16 16
16081 16 16
16082 16 16
16083 0 16
16090 16 16
16095 16 16
16100 0 16
16106 16 16
16108 16 16
16123 0 16
16126 0 16
16128 1 16
16129 16 16
16137 16 16
16144 6 16
16150 0 16
16151 0 16
16157 16 16
16165 16 16
16166 16 16
16177 6 16
16182 16 16
16193 16 16
16196 16 16
16198 16 16
16201 1 16
16235 16 16
16236 1 16
16250 0 16
16252 16 16
16253 2 16
16256 0 16
16259 16 16
16268 16 16
16272 16 16
16283 16 16
16288 16 16
16293 16 16
16305 16 16
16311 16 16
16314 0 16
16315 16 16
16317 16 16
16323 1 16
16329 11 16
16333 16 16
16334 16 16
16337 17 16
16351 16 16
16356 16 16
16360 2 16
16362 16 16
16363 0 16
16375 16 16
16382 16 16
16383 4 16
16384 0 16
16388 18 16
16389 1 16
16390 16 16
16394 8 16
16395 16 16
16397 16 16
16405 10 16
16428 17 17
16431 17 17
16433 17 17
16434 17 17
16440 17 17
16443 17 17
16451 17 17
16459 17 17
16464 17 17
16467 17 17
16477 17 17
16479 17 17
16480 17 17
16482 0 17
16483 17 17
16487 17 17
16488 17 17
16501 17 17
16503 17 17
16506 17 17
16515 17 17
16517 17 17
16522 17 17
16524 17 17
16532 17 17
16542 17 17
16545 17 17
16546 0 17
16547 17 17
16562 17 17
16563 0 17
16570 1 17
16587 17 17
16590 17 17
16593 17 17
16605 17 17
16622 0 17
16624 17 17
16633 1 17
16635 1 17
16641 17 17
16648 17 17
16650 0 17
16653 17 17
16655 17 17
16660 17 17
16674 17 17
16681 17 17
16684 17 17
16690 17 17
16695 17 17
16703 17 17
16707 17 17
16714 17 17
16716 17 17
16717 17 17
16720 17 17
16723 17 17
16726 17 17
16729 0 17
16730 17 17
16739 17 17
16740 1 17
16745 0 17
16767 17 17
16768 17 17
16777 17 17
16783 0 17
16785 0 17
16789 17 17
16793 17 17
16812 1 17
16814 17 17
16819 17 17
16821 17 17
16842 6 17
16845 0 17
16848 6 17
16854 17 17
16859 17 17
16860 17 17
16861 17 17
16870 0 17
16876 0 17
16877 17 17
16884 17 17
16893 17 17
16897 17 17
16925 17 17
16934 17 17
16937 0 17
16947 0 17
16954 15 17
16957 0 17
16971 0 17
16973 17 17
16978 17 17
16979 10 17
16987 17 17
16988 17 17
16992 0 17
16994 17 17
16998 17 17
17008 17 17
17018 17 17
17035 17 17
17039 17 17
17042 17 17
17048 0 17
17051 1 17
17056 0 17
17069 17 17
17078 17 17
17080 0 17
17097 17 17
17108 17 17
17115 17 17
17122 17 17
17132 17 17
17135 17 17
17137 0 17
17140 17 17
17147 17 17
17153 17 17
17161 6 17
17171 17 17
17208 17 17
17209 17 17
17218 17 17
17224 0 17
17229 17 17
17231 17 17
17237 0 17
17242 17 17
17247 1 17
17256 0 17
17259 17 17
17260 7 17
17262 0 17
17267 17 17
17269 17 17
17276 17 17
17278 17 17
17280 17 17
17290 0 17
17299 17 17
17304 1 17
17316 17 17
17319 17 17
17321 17 17
17327 17 17
17329 17 17
17339 17 17
17344 17 17
17346 17 17
17351 17 17
17359 17 17
17369 0 18
17381 1 18
17386 18 18
17391 18 18
17403 0 18
17407 1 18
17409 18 18
17410 18 18
17421 0 18
17422 18 18
17433 18 18
17439 18 18
17453 1 18
17455 17 18
17461 3 18
17464 18 18
17465 18 18
17466 18 18
17467 0 18
17473 0 18
17479 0 18
17480 1 18
17487 0 18
17497 0 18
17498 6 18
17507 0 18
17514 2 18
17523 1 18
17526 0 18
17539 0 18
17540 17 18
17551 18 18
17556 0 18
17557 18 18
17568 18 18
17576 18 18
17577 0 18
17579 1 18
17588 0 18
17611 18 18
17613 18 18
17617 0 18
17624 3 18
17627 0 18
17634 18 18
17635 18 18
17638 0 18
17646 18 18
17649 1 18
17652 0 18
17654 1 18
17658 9 18
17659 0 18
17673 0 18
17689 18 18
17692 18 18
17703 18 18
17707 18 18
17709 18 18
17714 0 18
17721 18 18
17722 18 18
17725 0 18
17727 18 18
17733 1 18
17735 18 18
17740 2 18
17747 0 18
17760 0 18
17764 18 18
17783 0 18
17784 18 18
17793 1 18
17796 0 18
17797 0 18
17805 1 18
17813 18 18
17814 18 18
17817 0 18
17822 1 18
17830 1 18
17839 0 18
17841 18 18
17851 18 18
17855 18 18
17859 16 18
17870 0 18
17894 16 18
17896 10 18
17899 18 18
17919 18 18
17928 18 18
17945 18 18
17946 0 18
17957 18 18
17958 16 18
17959 0 18
17960 0 18
17965 18 18
17974 18 18
17976 18 18
17987 18 18
17989 18 18
17990 18 18
17993 18 18
18000 0 18
18001 0 18
18014 1 18
18020 18 18
18035 18 18
18037 18 18
18045 0 18
18054 18 18
18062 18 18
18063 18 18
18067 18 18
18070 18 18
18073 18 18
18074 16 18
18077 18 18
18078 18 18
18086 18 18
18089 0 18
18090 0 18
18091 17 18
18101 0 18
18119 16 18
18123 18 18
18126 0 18
18137 0 18
18139 19 19
18143 0 19
18145 0 19
18146 0 19
18149 15 19
18155 19 19
18175 6 19
18178 16 19
18180 0 19
18181 0 19
18195 19 19
18196 0 19
18213 0 19
18218 0 19
18223 15 19
18233 0 19
18239 0 19
18253 0 19
18268 0 19
18270 0 19
18278 19 19
18279 19 19
18286 0 19
18291 0 19
18292 0 19
18296 0 19
18298 1 19
18300 19 19
18305 15 19
18313 0 19
18321 15 19
18327 15 19
18328 0 19
18331 19 19
18336 19 19
18341 1 19
18351 19 19
18360 0 19
18363 0 19
18364 19 19
18365 0 19
18371 0 19
18373 19 19
18378 1 19
18383 19 19
18393 0 19
18396 15 19
18401 19 19
18402 1 19
18405 15 19
18410 0 19
18414 17 19
18417 0 19
18422 0 19
18428 19 19
18434 19 19
18439 0 19
18442 19 19
18445 0 19
18454 0 19
18463 19 19
18464 0 19
18468 0 19
18469 1 19
18479 0 19
18488 0 19
18493 19 19
18494 0 19
18495 1 19
18500 1 19
18513 0 19
18534 19 19
18538 0 19
18548 4 19
18551 0 19
18555 5 19
18556 15 19
18559 0 19
18560 19 19
18561 19 19
18563 0 19
18568 19 19
18571 19 19
18584 0 19
18598 0 19
18610 19 19
18618 15 19
18620 1 19
18629 6 19
18637 19 19
18645 0 19
18649 15 19
18651 0 19
18660 0 19
18678 0 19
18683 19 19
18699 0 19
18709 19 19
18710 3 19
18714 15 19
18723 19 19
18724 19 19
18730 0 19
18737 7 19
18748 15 19
# 1
10 0 0
23 0 0
29 0 0
30 0 0
31 0 0
33 0 0
39 0 0
49 0 0
54 0 0
63 0 0
65 0 0
66 0 0
67 0 0
72 0 0
76 0 0
77 0 0
78 0 0
81 0 0
84 0 0
86 0 0
96 0 0
97 0 0
109 0 0
110 15 0
118 0 0
120 0 0
137 0 0
139 0 0
155 0 0
168 0 0
174 0 0
192 0 0
198 0 0
199 0 0
204 0 0
208 0 0
209 0 0
210 0 0
215 0 0
231 0 0
235 0 0
244 0 0
250 0 0
254 0 0
260 0 0
265 0 0
266 0 0
275 0 0
281 0 0
286 0 0
294 1 0
296 0 0
306 0 0
316 0 0
323 0 0
327 0 0
333 0 0
336 0 0
346 0 0
352 0 0
357 0 0
360 0 0
361 0 0
365 0 0
367 0 0
368 0 0
377 0 0
383 0 0
388 4 0
393 0 0
395 0 0
398 1 0
422 0 0
423 15 0
425 0 0
428 0 0
432 0 0
446 0 0
456 0 0
481 0 0
486 0 0
490 0 0
512 0 0
515 0 0
521 0 0
525 0 0
526 0 0
529 0 0
533 0 0
534 0 0
545 0 0
568 0 0
570 0 0
578 0 0
591 0 0
594 1 0
595 0 0
596 0 0
604 0 0
608 0 0
610 0 0
621 15 0
622 0 0
628 0 0
635 0 0
637 0 0
640 1 0
645 0 0
652 0 0
653 0 0
656 0 0
660 0 0
664 0 0
665 0 0
672 0 0
694 0 0
703 0 0
713 0 0
717 0 0
718 0 0
719 0 0
721 0 0
739 0 0
744 0 0
748 0 0
752 0 0
762 0 0
775 0 0
779 0 0
784 0 0
785 0 0
793 0 0
794 0 0
818 1 1
819 1 1
821 1 1
827 1 1
832 1 1
840 1 1
847 1 1
863 2 1
867 1 1
868 2 1
871 1 1
876 1 1
880 2 1
891 1 1
907 1 1
909 1 1
913 1 1
922 1 1
932 1 1
933 1 1
947 1 1
960 1 1
964 1 1
971 1 1
986 1 1
1000 1 1
1001 1 1
1003 1 1
1010 1 1
1018 0 1
1021 1 1
1031 1 1
1035 1 1
1037 1 1
1045 1 1
1049 1 1
1052 0 1
1055 1 1
1060 2 1
1062 1 1
1068 1 1
1073 1 1
1087 1 1
1111 1 1
1114 1 1
1122 1 1
1128 1 1
1133 1 1
1135 1 1
1137 1 1
1140 1 1
1142 1 1
1149 1 1
1150 1 1
1152 1 1
1155 1 1
1163 1 1
1164 1 1
1165 1 1
1172 1 1
1180 1 1
1185 1 1
1190 1 1
1192 1 1
1194 1 1
1196 1 1
1197 1 1
1201 1 1
1206 1 1
1209 0 1
1210 1 1
1212 1 1
1213 1 1
1218 1 1
1229 1 1
1230 1 1
1235 1 1
1242 0 1
1246 1 1
1251 6 1
1258 1 1
1260 1 1
1261 1 1
1276 1 1
1278 1 1
1281 1 1
1284 1 1
1286 1 1
1290 1 1
1294 1 1
1325 1 1
1328 1 1
1330 1 1
1335 1 1
1337 1 1
1338 1 1
1342 1 1
1349 0 1
1350 1 1
1354 1 1
1361 1 1
1365 1 1
1380 0 1
1381 1 1
1382 1 1
1383 1 1
1384 1 1
1386 1 1
1389 1 1
1394 1 1
1402 1 1
1405 1 1
1411 1 1
1414 5 1
1418 1 1
1423 1 1
1429 1 1
1435 1 1
1440 1 1
1450 1 1
1455 1 1
1476 0 1
1481 3 1
1491 1 1
1494 1 1
1503 1 1
1530 1 1
1550 1 1
1555 1 1
1562 1 1
1564 1 1
1565 1 1
1567 1 1
1569 1 1
1578 1 1
1579 1 1
1594 1 1
1617 0 1
1630 1 1
1632 1 1
1639 1 1
1641 1 1
1643 1 1
1644 2 1
1650 2 1
1661 1 1
1667 1 1
1670 1 1
1672 1 1
1673 1 1
1676 1 1
1677 1 1
1727 1 1
1734 1 1
1735 1 1
1737 1 1
1748 1 1
1754 1 1
1758 1 1
1760 1 1
1761 1 1
1766 1 1
1771 2 2
1773 2 2
1783 2 2
1790 2 2
1794 2 2
1800 0 2
1804 2 2
1808 2 2
1811 2 2
1812 1 2
1813 1 2
1814 3 2
1821 1 2
1824 2 2
1828 2 2
1838 2 2
1839 2 2
1841 2 2
1842 2 2
1855 2 2
1865 2 2
1890 2 2
1892 2 2
1898 1 2
1899 3 2
1904 6 2
1917 1 2
1924 2 2
1929 2 2
1937 14 2
1938 2 2
1943 2 2
1946 2 2
1949 1 2
1954 2 2
1956 2 2
1964 2 2
1966 2 2
1968 1 2
1972 2 2
1979 2 2
1982 1 2
1992 1 2
2001 2 2
2003 1 2
2012 2 2
2022 2 2
2042 2 2
2050 2 2
2057 2 2
2064 2 2
2089 2 2
2092 2 2
2097 0 2
2100 0 2
2104 3 2
2105 2 2
2113 2 2
2124 2 2
2136 2 2
2146 2 2
2158 2 2
2165 6 2
2188 2 2
2193 2 2
2204 2 2
2211 2 2
2214 1 2
2224 2 2
2225 2 2
2229 2 2
2236 6 2
2242 1 2
2248 2 2
2251 2 2
2258 2 2
2259 2 2
2263 2 2
2268 2 2
2274 5 2
2275 2 2
2281 2 2
2286 6 2
2302 2 2
2303 2 2
2307 1 2
2309 2 2
2310 2 2
2312 2 2
2313 2 2
2322 2 2
2325 2 2
2333 2 2
2335 1 2
2339 1 2
2346 1 2
2347 2 2
2349 2 2
2360 2 2
2362 2 2
2367 2 2
2374 2 2
2383 2 2
2385 2 2
2406 2 2
2413 1 2
2414 1 2
2423 2 2
2427 1 2
2441 2 2
2463 2 2
2466 0 2
2471 6 2
2491 2 2
2497 1 2
2502 2 2
2505 2 2
2506 1 2
2509 2 2
2514 1 2
2520 1 2
2521 2 2
2534 2 2
2540 1 2
2547 2 2
2550 2 2
2553 2 2
2555 2 2
2565 1 2
2570 1 2
2580 2 2
2594 1 2
2596 2 2
2597 2 2
2605 2 2
2606 2 2
2610 6 2
2611 2 2
2612 2 2
2613 2 2
2616 2 2
2617 2 2
2619 1 2
2622 2 2
2624 1 2
2630 2 2
2632 2 2
2633 2 2
2645 2 2
2656 2 2
2663 2 2
2675 2 2
2676 2 2
2678 2 2
2681 2 2
2701 2 2
2705 2 2
2708 2 2
2711 2 2
2719 2 2
2721 1 2
2736 3 3
2740 3 3
2741 1 3
2744 3 3
2745 1 3
2748 6 3
2754 3 3
2757 1 3
2759 3 3
2763 3 3
2768 2 3
2780 1 3
2782 3 3
2783 2 3
2785 1 3
2790 1 3
2808 3 3
2810 1 3
2815 3 3
2818 1 3
2820 3 3
2824 2 3
2825 3 3
2826 3 3
2836 3 3
2840 3 3
2851 6 3
2860 4 3
2867 2 3
2880 3 3
2881 6 3
2911 3 3
2915 2 3
2916 3 3
2927 1 3
2936 3 3
2939 6 3
2947 1 3
2951 3 3
2959 2 3
2960 3 3
2961 1 3
2967 3 3
2974 3 3
2983 3 3
2993 3 3
2994 3 3
3012 6 3
3022 3 3
3028 3 3
3033 2 3
3042 3 3
3052 3 3
3069 3 3
3075 2 3
3076 3 3
3079 3 3
3081 3 3
3082 1 3
3085 3 3
3088 3 3
3097 3 3
3098 3 3
3115 3 3
3119 0 3
3120 1 3
3122 2 3
3124 3 3
3126 3 3
3133 1 3
3135 0 3
3158 2 3
3159 6 3
3169 1 3
3174 3 3
3176 3 3
3178 1 3
3181 3 3
3182 3 3
3189 3 3
3192 2 3
3200 3 3
3203 3 3
3204 3 3
3214 1 3
3219 2 3
3227 1 3
3233 1 3
3242 3 3
3243 3 3
3248 6 3
3252 3 3
3258 1 3
3265 1 3
3266 1 3
3285 3 3
3295 3 3
3296 3 3
3300 3 3
3319 1 3
3325 1 3
3338 1 3
3347 3 3
3351 1 3
3353 1 3
3360 1 3
3374 1 3
3386 3 3
3388 3 3
3393 1 3
3399 3 3
3404 3 3
3415 3 3
3423 0 3
3441 3 3
3442 2 3
3448 6 3
3451 3 3
3457 1 3
3467 1 3
3470 3 3
3478 2 3
3479 1 3
3484 0 3
3488 2 3
3492 3 3
3494 1 3
3495 1 3
3502 3 3
3508 3 3
3523 1 3
3524 3 3
3525 3 3
3533 2 3
3534 1 3
3535 1 3
3541 3 3
3542 1 3
3548 3 3
3550 2 3
3560 3 3
3564 1 3
3574 2 3
3576 1 3
3588 2 3
3596 1 3
3599 3 3
3601 1 3
3615 1 3
3621 3 3
3640 1 3
3641 6 3
3650 3 3
3659 3 3
3670 3 3
3673 1 3
3675 3 3
3677 3 3
3682 3 3
3687 6 3
3693 3 3
3696 3 3
3703 2 3
3705 1 3
3718 3 4
3720 4 4
3733 1 4
3737 2 4
3739 4 4
3740 4 4
3743 4 4
3751 3 4
3760 3 4
3769 4 4
3773 4 4
3775 6 4
3776 1 4
3779 1 4
3781 9 4
3784 4 4
3810 3 4
3812 1 4
3824 2 4
3826 3 4
3829 4 4
3839 4 4
3840 4 4
3845 4 4
3851 4 4
3853 1 4
3855 1 4
3858 1 4
3861 1 4
3872 1 4
3881 4 4
3889 4 4
3893 4 4
3899 4 4
3909 4 4
3910 2 4
3920 3 4
3931 1 4
3933 2 4
3938 4 4
3941 4 4
3945 4 4
3950 1 4
3952 4 4
3955 2 4
3959 1 4
3960 4 4
3966 1 4
3968 4 4
3970 1 4
3972 1 4
3978 1 4
3985 0 4
3995 4 4
4001 4 4
4002 1 4
4007 1 4
4009 1 4
4025 0 4
4044 4 4
4055 4 4
4057 3 4
4059 4 4
4060 4 4
4073 1 4
4074 4 4
4075 1 4
4104 1 4
4106 6 4
4111 4 4
4115 4 4
4117 1 4
4122 4 4
4125 4 4
4126 4 4
4138 1 4
4139 4 4
4141 4 4
4148 2 4
4154 2 4
4156 1 4
4158 1 4
4163 1 4
4169 1 4
4175 4 4
4176 4 4
4179 4 4
4181 6 4
4188 1 4
4209 1 4
4212 4 4
4219 4 4
4235 1 4
4243 1 4
4263 4 4
4271 10 4
4281 4 4
4285 4 4
4303 2 4
4316 4 4
4326 4 4
4327 4 4
4333 4 4
4361 4 4
4366 1 4
4375 1 4
4379 4 4
4394 1 4
4397 4 4
4401 6 4
4406 4 4
4412 4 4
4413 4 4
4414 1 4
4421 1 4
4422 4 4
4424 4 4
4433 4 4
4434 1 4
4435 1 4
4444 4 4
4450 4 4
4458 4 4
4460 1 4
4477 4 4
4478 1 4
4492 4 4
4507 4 4
4512 4 4
4514 4 4
4516 4 4
4519 3 4
4521 4 4
4525 4 4
4526 4 4
4529 4 4
4531 4 4
4536 4 4
4537 1 4
4539 4 4
4546 1 4
4549 4 4
4551 4 4
4560 4 4
4569 1 4
4574 4 4
4582 1 4
4588 4 4
4592 4 4
4615 4 4
4618 0 4
4620 1 4
4622 1 4
4624 1 4
4625 4 4
4632 1 4
4646 1 4
4650 0 4
4659 4 4
4660 4 4
4672 5 5
4674 5 5
4677 6 5
4681 4 5
4686 5 5
4689 1 5
4698 2 5
4699 5 5
4711 1 5
4716 2 5
4719 3 5
4720 2 5
4744 1 5
4745 5 5
4750 5 5
4757 1 5
4760 1 5
4767 1 5
4786 1 5
4789 1 5
4795 2 5
4796 2 5
4800 6 5
4813 5 5
4818 1 5
4819 5 5
4822 5 5
4830 5 5
4834 2 5
4837 5 5
4839 5 5
4864 1 5
4881 5 5
4884 5 5
4896 5 5
4916 5 5
4919 2 5
4922 5 5
4926 2 5
4928 5 5
4939 1 5
4940 2 5
4945 1 5
4950 1 5
4956 5 5
4957 1 5
4960 5 5
4970 5 5
4971 1 5
4977 3 5
4978 0 5
4981 1 5
4982 0 5
4998 3 5
5006 1 5
5011 0 5
5013 1 5
5017 2 5
5018 5 5
5019 5 5
5027 6 5
5039 1 5
5047 5 5
5051 1 5
5059 5 5
5063 1 5
5066 5 5
5067 5 5
5074 1 5
5075 5 5
5078 1 5
5079 6 5
5084 5 5
5092 1 5
5094 5 5
5097 1 5
5100 1 5
5101 1 5
5114 5 5
5122 1 5
5128 5 5
5131 5 5
5140 1 5
5148 1 5
5149 5 5
5156 2 5
5161 1 5
5175 15 5
5185 5 5
5189 1 5
5191 1 5
5193 6 5
5198 5 5
5207 0 5
5210 5 5
5214 1 5
5221 5 5
5223 2 5
5226 2 5
5231 1 5
5234 5 5
5237 2 5
5241 5 5
5246 5 5
5259 5 5
5267 5 5
5274 5 5
5275 2 5
5298 1 5
5300 1 5
5336 2 5
5346 5 5
5354 1 5
5356 5 5
5362 5 5
5368 1 5
5371 5 5
5375 1 5
5377 5 5
5385 1 5
5388 1 5
5392 5 5
5396 5 5
5402 1 5
5403 5 5
5406 5 5
5408 1 5
5410 5 5
5413 1 5
5415 5 5
5417 5 5
5420 5 5
5422 6 5
5429 5 5
5437 5 5
5438 1 5
5457 6 5
5458 5 5
5469 5 5
5480 0 5
5492 0 5
5516 1 5
5525 1 5
5529 1 5
5536 5 5
5543 3 5
5553 1 5
5562 1 5
5572 1 5
5579 1 5
5583 1 5
5585 1 5
5586 1 5
5591 5 5
5592 1 5
5594 2 5
5602 5 5
5622 5 5
5624 1 5
5631 1 5
5632 1 5
5636 5 5
5641 1 5
5643 6 6
5644 6 6
5646 6 6
5665 6 6
5668 6 6
5673 6 6
5682 6 6
5688 6 6
5696 1 6
5698 6 6
5702 6 6
5704 6 6
5722 6 6
5732 6 6
5738 6 6
5748 6 6
5762 1 6
5765 6 6
5773 0 6
5774 6 6
5779 6 6
5780 6 6
5781 6 6
5786 1 6
5790 1 6
5800 1 6
5804 6 6
5806 6 6
5807 6 6
5808 6 6
5815 6 6
5825 6 6
5839 6 6
5843 3 6
5846 6 6
5851 6 6
5854 6 6
5859 6 6
5860 2 6
5864 6 6
5869 6 6
5871 3 6
5872 6 6
5875 1 6
5876 6 6
5889 0 6
5891 6 6
5895 6 6
5903 6 6
5922 6 6
5927 6 6
5934 6 6
5936 1 6
5941 6 6
5948 6 6
5949 6 6
5952 1 6
5970 7 6
5976 6 6
5992 6 6
6001 6 6
6006 6 6
6025 1 6
6026 6 6
6030 6 6
6034 6 6
6035 6 6
6038 2 6
6039 6 6
6040 6 6
6044 6 6
6047 6 6
6048 6 6
6056 6 6
6058 6 6
6060 6 6
6071 1 6
6072 6 6
6073 6 6
6087 6 6
6097 6 6
6100 2 6
6102 6 6
6118 6 6
6120 6 6
6123 6 6
6124 1 6
6159 0 6
6167 6 6
6174 6 6
6177 6 6
6187 6 6
6189 6 6
6191 6 6
6193 6 6
6196 6 6
6203 6 6
6205 6 6
6211 6 6
6213 3 6
6223 0 6
6226 6 6
6230 6 6
6231 6 6
6238 6 6
6239 6 6
6246 6 6
6250 6 6
6255 6 6
6256 6 6
6261 6 6
6272 1 6
6279 6 6
6281 6 6
6287 6 6
6291 6 6
6296 6 6
6305 4 6
6309 6 6
6324 6 6
6325 1 6
6328 6 6
6337 6 6
6338 2 6
6376 6 6
6383 6 6
6386 6 6
6388 2 6
6389 6 6
6393 6 6
6400 6 6
6401 6 6
6408 2 6
6415 2 6
6424 6 6
6425 6 6
6428 2 6
6454 1 6
6456 6 6
6466 6 6
6470 6 6
6473 6 6
6474 6 6
6483 0 6
6495 6 6
6501 6 6
6504 6 6
6507 6 6
6510 6 6
6511 6 6
6512 6 6
6514 6 6
6515 6 6
6517 2 6
6529 6 6
6536 6 6
6538 4 6
6540 6 6
6544 6 6
6545 4 6
6556 6 6
6607 7 7
6610 1 7
6619 7 7
6621 0 7
6625 7 7
6626 0 7
6627 7 7
6628 7 7
6633 7 7
6635 7 7
6639 1 7
6640 1 7
6642 3 7
6651 7 7
6654 7 7
6657 1 7
6664 7 7
6670 1 7
6671 1 7
6695 2 7
6700 0 7
6719 7 7
6737 7 7
6741 7 7
6745 6 7
6746 1 7
6757 4 7
6764 1 7
6767 4 7
6777 2 7
6788 0 7
6794 0 7
6805 7 7
6806 7 7
6807 7 7
6821 1 7
6831 1 7
6834 3 7
6835 7 7
6839 7 7
6847 7 7
6849 8 7
6853 7 7
6856 7 7
6861 7 7
6866 1 7
6868 7 7
6873 7 7
6876 3 7
6881 7 7
6894 7 7
6903 7 7
6909 7 7
6915 7 7
6919 1 7
6920 7 7
6921 7 7
6924 16 7
6927 7 7
6936 7 7
6946 7 7
6949 7 7
6950 1 7
6951 7 7
6952 1 7
6955 7 7
6957 7 7
6958 7 7
6962 3 7
6963 7 7
6966 7 7
6969 1 7
6975 7 7
6976 3 7
6978 4 7
6990 7 7
6993 6 7
6999 7 7
7003 7 7
7004 7 7
7016 7 7
7019 7 7
7023 7 7
7024 1 7
7027 1 7
7032 6 7
7055 1 7
7060 7 7
7069 7 7
7071 7 7
7080 7 7
7085 3 7
7087 1 7
7094 7 7
7099 7 7
7108 7 7
7111 1 7
7112 7 7
7115 7 7
7123 7 7
7145 2 7
7153 7 7
7154 7 7
7155 1 7
7166 3 7
7167 7 7
7170 7 7
7181 7 7
7184 7 7
7197 1 7
7208 7 7
7226 1 7
7228 7 7
7239 7 7
7242 1 7
7244 7 7
7245 7 7
7248 6 7
7269 6 7
7272 7 7
7287 0 7
7289 4 7
7290 7 7
7296 0 7
7305 7 7
7310 7 7
7315 7 7
7316 7 7
7323 1 7
7330 6 7
7331 7 7
7338 7 7
7345 7 7
7350 0 7
7352 7 7
7356 2 7
7358 7 7
7361 7 7
7377 1 7
7388 7 7
7391 7 7
7395 1 7
7413 7 7
7425 1 7
7436 4 7
7438 1 7
7447 7 7
7462 7 7
7467 7 7
7473 7 7
7493 7 7
7506 7 7
7514 1 7
7518 7 7
7532 7 7
7534 2 7
7536 7 7
7544 7 7
7545 7 7
7546 7 7
7549 7 7
7550 7 7
7554 7 7
7558 0 7
7575 8 7
7596 8 8
7606 8 8
7610 6 8
7614 9 8
7624 7 8
7629 8 8
7639 8 8
7645 7 8
7652 8 8
7656 0 8
7671 8 8
7672 8 8
7677 8 8
7687 1 8
7704 8 8
7709 1 8
7715 8 8
7718 0 8
7723 8 8
7727 8 8
7736 8 8
7739 8 8
7747 8 8
7756 8 8
7766 8 8
7782 8 8
7784 8 8
7786 18 8
7792 1 8
7797 8 8
7814 8 8
7819 8 8
7823 8 8
7831 8 8
7836 8 8
7841 8 8
7842 8 8
7845 8 8
7854 8 8
7856 8 8
7858 8 8
7863 8 8
7865 8 8
7871 1 8
7879 8 8
7885 8 8
7894 8 8
7895 1 8
7897 1 8
7899 8 8
7900 2 8
7908 8 8
7910 8 8
7913 8 8
7925 1 8
7930 2 8
7931 8 8
7932 1 8
7935 8 8
7945 8 8
7954 8 8
7957 8 8
7961 3 8
7968 0 8
7970 8 8
7973 8 8
7984 8 8
7992 6 8
7996 8 8
7997 1 8
8013 8 8
8014 8 8
8018 0 8
8020 8 8
8021 1 8
8022 8 8
8027 8 8
8060 3 8
8063 0 8
8068 8 8
8072 7 8
8076 0 8
8078 8 8
8079 8 8
8080 2 8
8087 2 8
8098 8 8
8113 8 8
8115 8 8
8117 8 8
8122 8 8
8133 8 8
8136 1 8
8143 8 8
8159 8 8
8165 8 8
8179 14 8
8181 8 8
8185 8 8
8195 1 8
8198 8 8
8207 8 8
8212 8 8
8218 6 8
8234 1 8
8235 8 8
8243 1 8
8245 8 8
8246 8 8
8253 4 8
8254 8 8
8255 8 8
8264 8 8
8266 8 8
8274 0 8
8276 6 8
8277 8 8
8278 8 8
8292 8 8
8310 3 8
8325 8 8
8333 2 8
8339 8 8
8340 8 8
8351 8 8
8359 1 8
8365 8 8
8366 8 8
8385 8 8
8396 8 8
8402 8 8
8414 8 8
8417 1 8
8422 1 8
8429 8 8
8443 8 8
8447 8 8
8448 1 8
8451 8 8
8452 8 8
8454 8 8
8455 1 8
8464 8 8
8469 8 8
8471 6 8
8473 8 8
8479 8 8
8488 8 8
8496 8 8
8497 1 8
8500 8 8
8501 8 8
8508 8 8
8521 1 8
8530 8 8
8531 8 8
8532 1 8
8537 1 8
8540 8 8
8541 3 8
8542 8 8
8562 6 8
8569 2 8
8573 1 8
8575 8 8
8583 5 8
8585 9 9
8588 1 9
8589 9 9
8597 1 9
8598 0 9
8601 7 9
8611 1 9
8612 9 9
8614 1 9
8616 7 9
8648 9 9
8652 9 9
8656 9 9
8657 9 9
8660 0 9
8681 9 9
8682 9 9
8694 1 9
8695 1 9
8701 9 9
8706 9 9
8710 9 9
8716 15 9
8726 9 9
8732 9 9
8752 9 9
8758 9 9
8785 9 9
8791 1 9
8799 9 9
8829 0 9
8830 9 9
8831 7 9
8832 0 9
8835 9 9
8836 1 9
8840 9 9
8847 1 9
8848 9 9
8852 9 9
8869 0 9
8875 0 9
8878 9 9
8880 9 9
8885 9 9
8890 2 9
8891 9 9
8901 1 9
8906 9 9
8914 1 9
8925 9 9
8927 0 9
8934 9 9
8935 9 9
8936 9 9
8940 6 9
8949 9 9
8954 9 9
8968 0 9
8974 9 9
8984 9 9
8985 3 9
8995 9 9
8998 0 9
9001 9 9
9010 0 9
9018 9 9
9019 9 9
9020 1 9
9027 9 9
9035 9 9
9036 9 9
9038 9 9
9049 9 9
9053 10 9
9056 9 9
9062 1 9
9066 1 9
9069 9 9
9071 9 9
9072 9 9
9073 9 9
9077 9 9
9079 1 9
9083 9 9
9089 10 9
9093 0 9
9097 9 9
9098 9 9
9100 9 9
9103 9 9
9110 9 9
9116 9 9
9117 9 9
9118 9 9
9121 9 9
9122 9 9
9124 9 9
9126 9 9
9141 9 9
9147 0 9
9148 9 9
9149 6 9
9157 9 9
9159 9 9
9161 9 9
9162 9 9
9169 9 9
9182 9 9
9195 9 9
9201 9 9
9206 9 9
9225 9 9
9227 9 9
9234 1 9
9236 9 9
9246 9 9
9247 9 9
9257 9 9
9273 9 9
9278 0 9
9293 6 9
9304 9 9
9307 9 9
9308 9 9
9311 9 9
9312 9 9
9318 9 9
9323 9 9
9331 9 9
9335 9 9
9339 9 9
9347 0 9
9355 9 9
9370 1 9
9374 3 9
9387 9 9
9390 1 9
9399 0 9
9408 6 9
9409 1 9
9421 1 9
9422 9 9
9426 9 9
9433 9 9
9435 9 9
9436 9 9
9438 9 9
9446 9 9
9453 6 9
9456 9 9
9465 0 9
9473 9 9
9474 9 9
9480 9 9
9497 9 9
9499 9 9
9501 1 9
9506 9 9
9511 9 9
9520 1 9
9524 9 9
9529 3 9
9535 1 9
9560 4 9
9561 9 9
9581 10 10
9583 10 10
9594 0 10
9598 10 10
9605 10 10
9610 10 10
9611 10 10
9615 1 10
9616 10 10
9618 10 10
9621 10 10
9647 10 10
9663 7 10
9671 10 10
9673 10 10
9674 10 10
9676 1 10
9684 10 10
9692 10 10
9693 1 10
9696 1 10
9697 10 10
9705 10 10
9713 10 10
9716 10 10
9726 10 10
9727 10 10
9738 10 10
9747 1 10
9750 9 10
9761 1 10
9766 10 10
9771 10 10
9788 10 10
9792 10 10
9796 10 10
9808 10 10
9813 10 10
9817 3 10
9819 10 10
9824 10 10
9835 3 10
9839 10 10
9874 10 10
9888 10 10
9890 10 10
9892 10 10
9894 10 10
9895 10 10
9898 1 10
9916 10 10
9918 10 10
9923 10 10
9934 10 10
9936 10 10
9942 7 10
9947 10 10
9948 1 10
9967 10 10
9971 4 10
9980 10 10
9982 10 10
9989 10 10
9998 1 10
10001 10 10
10003 10 10
10006 10 10
10016 1 10
10020 10 10
10025 10 10
10027 10 10
10028 3 10
10029 10 10
10030 10 10
10035 1 10
10044 10 10
10048 10 10
10065 10 10
10069 10 10
10078 10 10
10079 10 10
10080 10 10
10088 10 10
10090 10 10
10091 10 10
10099 10 10
10100 10 10
10105 9 10
10106 10 10
10110 10 10
10123 10 10
10128 10 10
10129 0 10
10141 9 10
10142 10 10
10143 10 10
10148 10 10
10149 10 10
10152 10 10
10164 10 10
10166 1 10
10176 10 10
10181 1 10
10187 10 10
10196 10 10
10207 10 10
10220 4 10
10225 10 10
10226 10 10
10234 10 10
10236 10 10
10237 10 10
10239 0 10
10240 10 10
10245 10 10
10252 10 10
10261 2 10
10271 2 10
10273 10 10
10277 10 10
10294 4 10
10300 10 10
10310 10 10
10314 10 10
10316 10 10
10320 10 10
10331 6 10
10332 0 10
10334 10 10
10337 10 10
10340 10 10
10374 10 10
10380 0 10
10384 10 10
10400 10 10
10402 10 10
10403 10 10
10408 9 10
10410 10 10
10412 1 10
10425 10 10
10432 0 10
10434 10 10
10435 1 10
10447 10 10
10448 10 10
10458 0 10
10459 10 10
10462 10 10
10467 10 10
10471 10 10
10479 0 10
10480 10 10
10481 10 10
10494 10 10
10497 10 10
10502 1 10
10508 10 10
10511 10 10
10514 10 10
10516 10 10
10523 1 10
10524 10 10
10526 10 10
10536 1 10
10550 10 10
10556 9 10
10580 11 11
10588 11 11
10590 11 11
10602 11 11
10604 11 11
10608 11 11
10619 1 11
10620 1 11
10624 11 11
10626 11 11
10631 1 11
10632 11 11
10637 11 11
10639 0 11
10649 11 11
10652 11 11
10657 11 11
10668 11 11
10672 11 11
10673 11 11
10677 11 11
10682 11 11
10690 11 11
10691 0 11
10692 11 11
10693 11 11
10700 11 11
10704 11 11
10714 11 11
10719 1 11
10722 11 11
10724 1 11
10726 1 11
10730 11 11
10736 0 11
10751 1 11
10754 11 11
10760 1 11
10770 11 11
10786 1 11
10798 11 11
10804 2 11
10812 4 11
10813 11 11
10816 1 11
10820 11 11
10825 11 11
10826 11 11
10837 11 11
10848 11 11
10850 11 11
10857 2 11
10861 11 11
10864 1 11
10871 11 11
10878 11 11
10884 0 11
10885 11 11
10888 11 11
10889 11 11
10896 1 11
10897 1 11
10903 11 11
10917 11 11
10923 0 11
10925 1 11
10926 1 11
10935 0 11
10941 1 11
10943 16 11
10944 11 11
10949 11 11
10963 7 11
10964 1 11
10965 1 11
10966 11 11
10969 11 11
10992 11 11
10993 11 11
11000 11 11
11003 11 11
11006 11 11
11016 11 11
11035 11 11
11058 6 11
11065 11 11
11068 11 11
11078 6 11
11082 11 11
11084 11 11
11098 11 11
11105 11 11
11106 11 11
11110 1 11
11111 11 11
11122 11 11
11123 11 11
11129 1 11
11139 2 11
11144 1 11
11145 11 11
11151 2 11
11158 1 11
11165 6 11
11167 1 11
11168 1 11
11169 11 11
11199 11 11
11200 11 11
11209 0 11
11210 2 11
11215 11 11
11225 11 11
11230 0 11
11240 11 11
11252 11 11
11258 11 11
11283 11 11
11296 11 11
11298 0 11
11301 11 11
11310 3 11
11317 11 11
11318 1 11
11321 11 11
11325 11 11
11335 1 11
11340 1 11
11354 11 11
11358 11 11
11359 11 11
11372 11 11
11375 0 11
11383 11 11
11390 11 11
11393 11 11
11395 0 11
11398 0 11
11400 11 11
11404 11 11
11408 11 11
11416 1 11
11425 11 11
11426 0 11
11430 0 11
11433 11 11
11438 11 11
11440 11 11
11446 11 11
11453 11 11
11457 11 11
11472 4 11
11480 0 11
11483 11 11
11488 1 11
11495 11 11
11504 11 11
11517 1 11
11523 11 11
11527 0 11
11531 11 11
11547 11 11
11548 11 11
11555 11 11
11557 11 11
11566 1 12
11569 12 12
11579 1 12
11580 0 12
11596 1 12
11599 2 12
11621 3 12
11627 1 12
11633 1 12
11634 1 12
11636 1 12
11638 12 12
11642 12 12
11654 12 12
11666 1 12
11667 1 12
11669 7 12
11673 1 12
11677 0 12
11680 12 12
11681 12 12
11687 1 12
11689 12 12
11690 2 12
11699 2 12
11713 12 12
11714 12 12
11715 1 12
11716 0 12
11726 1 12
11731 2 12
11732 1 12
11736 1 12
11746 12 12
11751 1 12
11752 1 12
11764 1 12
11766 2 12
11767 12 12
11772 1 12
11777 1 12
11786 12 12
11792 6 12
11793 1 12
11802 12 12
11804 2 12
11811 12 12
11824 3 12
11827 4 12
11830 12 12
11832 0 12
11851 12 12
11854 3 12
11859 1 12
11868 4 12
11873 12 12
11875 1 12
11876 1 12
11878 12 12
11894 1 12
11896 1 12
11903 1 12
11908 1 12
11913 2 12
11914 12 12
11915 1 12
11918 1 12
11925 4 12
11933 12 12
11937 12 12
11940 12 12
11943 1 12
11949 12 12
11952 0 12
11958 14 12
11960 6 12
11965 1 12
11968 1 12
11974 12 12
11993 3 12
11994 7 12
11999 12 12
12002 1 12
12016 1 12
12018 4 12
12024 12 12
12030 12 12
12032 1 12
12034 1 12
12039 1 12
12052 1 12
12057 1 12
12068 1 12
12069 7 12
12082 1 12
12085 12 12
12089 6 12
12090 2 12
12091 12 12
12107 0 12
12118 12 12
12127 12 12
12135 1 12
12150 12 12
12158 4 12
12171 0 12
12174 12 12
12175 2 12
12192 1 12
12193 12 12
12213 12 12
12214 0 12
12220 0 12
12226 1 12
12233 1 12
12259 1 12
12264 12 12
12271 12 12
12281 1 12
12290 12 12
12292 12 12
12294 1 12
12311 12 12
12317 12 12
12321 1 12
12325 3 12
12327 1 12
12331 0 12
12343 12 12
12344 1 12
12346 12 12
12351 12 12
12366 6 12
12369 12 12
12376 12 12
12380 12 12
12395 12 12
12399 1 12
12400 2 12
12406 7 12
12407 2 12
12412 1 12
12413 12 12
12425 1 12
12432 12 12
12438 3 12
12441 12 12
12460 6 12
12465 2 12
12471 12 12
12477 2 12
12484 1 12
12490 12 12
12491 12 12
12493 12 12
12494 0 12
12508 12 12
12510 12 12
12515 12 12
12519 0 12
12520 1 12
12531 2 12
12535 0 12
12544 1 12
12546 0 13
12550 13 13
12553 1 13
12562 0 13
12563 0 13
12567 0 13
12573 14 13
12575 13 13
12585 13 13
12596 13 13
12603 1 13
12608 0 13
12619 0 13
12620 13 13
12623 0 13
12636 13 13
12638 1 13
12642 13 13
12660 2 13
12666 2 13
12667 13 13
12674 1 13
12683 2 13
12692 0 13
12697 0 13
12702 1 13
12707 2 13
12708 0 13
12709 13 13
12719 6 13
12728 13 13
12733 13 13
12735 13 13
12736 0 13
12738 13 13
12741 0 13
12743 13 13
12748 3 13
12752 13 13
12754 0 13
12757 1 13
12766 0 13
12767 1 13
12769 3 13
12782 13 13
12788 13 13
12793 13 13
12806 1 13
12825 13 13
12827 13 13
12840 13 13
12843 0 13
12845 13 13
12846 1 13
12849 1 13
12854 1 13
12866 1 13
12868 1 13
12881 2 13
12882 13 13
12885 13 13
12890 1 13
12893 1 13
12898 0 13
12903 1 13
12908 13 13
12918 1 13
12919 13 13
12922 1 13
12930 13 13
12931 13 13
12935 0 13
12937 0 13
12948 13 13
12949 13 13
12950 0 13
12952 1 13
12972 13 13
12977 13 13
12982 13 13
12985 1 13
13002 1 13
13014 0 13
13015 1 13
13016 13 13
13017 13 13
13026 13 13
13037 0 13
13042 1 13
13043 13 13
13044 13 13
13045 13 13
13056 1 13
13063 0 13
13067 13 13
13079 13 13
13089 1 13
13091 6 13
13101 13 13
13105 3 13
13168 13 13
13170 13 13
13174 13 13
13176 0 13
13179 1 13
13185 13 13
13195 13 13
13223 0 13
13224 13 13
13225 0 13
13230 0 13
13237 17 13
13241 0 13
13249 13 13
13255 13 13
13257 13 13
13260 13 13
13272 0 13
13284 2 13
13297 7 13
13303 0 13
13308 13 13
13314 13 13
13318 13 13
13333 0 13
13334 13 13
13354 13 13
13357 1 13
13365 1 13
13372 0 13
13379 13 13
13380 13 13
13381 0 13
13393 13 13
13394 13 13
13397 1 13
13398 13 13
13400 0 13
13406 2 13
13410 6 13
13423 13 13
13428 13 13
13437 6 13
13442 7 13
13443 13 13
13451 1 13
13452 1 13
13458 3 13
13460 13 13
13463 8 13
13467 1 13
13473 12 13
13477 0 13
13488 13 13
13495 13 13
13497 2 13
13501 13 13
13502 0 13
13511 13 13
13517 13 13
13518 13 13
13519 13 13
13522 6 13
13525 2 13
13526 0 13
13537 1 14
13543 14 14
13544 14 14
13555 1 14
13557 14 14
13565 14 14
13572 14 14
13581 0 14
13602 14 14
13617 14 14
13620 1 14
13628 3 14
13630 0 14
13631 14 14
13632 14 14
13644 14 14
13650 14 14
13656 1 14
13661 14 14
13667 14 14
13669 1 14
13670 2 14
13671 1 14
13675 14 14
13680 14 14
13689 14 14
13699 1 14
13701 14 14
13702 14 14
13709 14 14
13713 14 14
13716 14 14
13724 14 14
13729 1 14
13730 1 14
13740 0 14
13748 0 14
13758 0 14
13761 14 14
13762 14 14
13764 2 14
13768 14 14
13771 14 14
13779 14 14
13780 14 14
13792 1 14
13795 1 14
13796 0 14
13798 14 14
13815 0 14
13825 14 14
13831 14 14
13835 14 14
13851 14 14
13855 1 14
13875 14 14
13877 1 14
13882 0 14
13883 1 14
13890 1 14
13892 2 14
13899 2 14
13906 14 14
13909 3 14
13916 14 14
13926 1 14
13939 14 14
13945 14 14
13951 14 14
13956 14 14
13957 0 14
13959 14 14
13972 14 14
13973 14 14
13979 14 14
13981 0 14
13982 14 14
13991 1 14
13993 14 14
14001 14 14
14004 1 14
14010 14 14
14014 14 14
14016 14 14
14018 0 14
14021 14 14
14024 14 14
14041 0 14
14051 1 14
14060 14 14
14064 14 14
14067 14 14
14069 14 14
14081 14 14
14087 14 14
14092 14 14
14141 14 14
14142 1 14
14146 1 14
14168 14 14
14173 14 14
14174 14 14
14182 14 14
14190 1 14
14195 14 14
14198 1 14
14202 14 14
14203 14 14
14204 14 14
14206 1 14
14214 1 14
14218 0 14
14221 1 14
14224 14 14
14226 14 14
14236 14 14
14237 14 14
14238 2 14
14243 1 14
14247 0 14
14263 1 14
14265 18 14
14266 2 14
14269 14 14
14273 1 14
14275 14 14
14278 14 14
14282 0 14
14295 14 14
14301 14 14
14308 14 14
14321 4 14
14325 0 14
14329 14 14
14363 1 14
14365 0 14
14371 14 14
14374 1 14
14383 1 14
14384 5 14
14390 14 14
14403 1 14
14407 15 14
14412 2 14
14420 3 14
14425 14 14
14433 14 14
14434 2 14
14440 14 14
14452 0 14
14453 14 14
14455 0 14
14465 1 14
14467 14 14
14475 14 14
14478 14 14
14479 1 14
14480 14 14
14496 14 14
14497 0 14
14507 0 14
14510 14 14
14511 3 14
14516 14 14
14517 14 14
14525 15 15
14529 15 15
14540 15 15
14547 15 15
14553 15 15
14557 1 15
14572 15 15
14575 1 15
14579 6 15
14585 15 15
14588 9 15
14593 15 15
14594 6 15
14598 0 15
14606 15 15
14611 0 15
14612 15 15
14613 15 15
14618 15 15
14634 0 15
14635 15 15
14637 15 15
14639 15 15
14644 15 15
14647 0 15
14648 15 15
14656 15 15
14659 1 15
14676 15 15
14678 0 15
14681 15 15
14688 15 15
14689 1 15
14690 15 15
14691 15 15
14701 3 15
14705 15 15
14710 15 15
14727 15 15
14729 0 15
14733 0 15
14747 6 15
14756 15 15
14761 15 15
14778 1 15
14779 15 15
14787 7 15
14793 0 15
14800 1 15
14806 0 15
14810 15 15
14813 15 15
14814 0 15
14827 15 15
14831 1 15
14840 1 15
14841 15 15
14845 15 15
14848 0 15
14849 0 15
14858 15 15
14859 0 15
14867 0 15
14871 15 15
14896 15 15
14916 15 15
14929 15 15
14930 1 15
14936 3 15
14938 15 15
14944 15 15
14945 15 15
14949 1 15
14952 0 15
14963 15 15
14967 0 15
14982 1 15
14985 0 15
14990 0 15
15003 15 15
15013 15 15
15014 15 15
15023 2 15
15030 15 15
15036 0 15
15047 1 15
15057 0 15
15064 15 15
15065 15 15
15069 2 15
15071 0 15
15074 0 15
15085 0 15
15089 15 15
15092 0 15
15101 0 15
15105 15 15
15126 15 15
15137 1 15
15140 15 15
15141 15 15
15153 15 15
15158 1 15
15159 15 15
15165 2 15
15192 15 15
15193 1 15
15196 15 15
15197 15 15
15200 15 15
15202 1 15
15209 15 15
15217 15 15
15229 0 15
15231 15 15
15234 15 15
15240 15 15
15246 15 15
15252 15 15
15253 1 15
15270 15 15
15276 15 15
15278 1 15
15281 0 15
15284 15 15
15285 15 15
15287 0 15
15289 0 15
15295 15 15
15296 15 15
15297 0 15
15301 0 15
15311 0 15
15316 0 15
15319 0 15
15332 15 15
15333 5 15
15349 1 15
15353 15 15
15354 0 15
15360 15 15
15368 1 15
15375 1 15
15382 15 15
15387 15 15
15393 15 15
15396 15 15
15407 15 15
15415 1 15
15416 15 15
15419 1 15
15421 15 15
15422 0 15
15424 0 15
15427 0 15
15433 15 15
15450 0 15
15452 15 15
15455 15 15
15457 0 15
15459 15 15
15462 0 15
15481 15 15
15484 15 15
15505 0 15
15510 15 15
15517 2 16
15528 0 16
15529 16 16
15533 16 16
15534 16 16
15539 5 16
15562 18 16
15570 0 16
15577 16 16
15578 0 16
15584 0 16
15586 5 16
15588 16 16
15594 0 16
15598 16 16
15599 1 16
15602 0 16
15608 16 16
15621 2 16
15637 0 16
15638 16 16
15640 16 16
15641 16 16
15648 7 16
15653 16 16
15671 16 16
15678 8 16
15681 2 16
15685 1 16
15695 1 16
15696 0 16
15710 0 16
15711 16 16
15718 1 16
15730 16 16
15735 16 16
15739 0 16
15743 16 16
15752 16 16
15765 8 16
15771 2 16
15782 16 16
15784 16 16
15794 16 16
15796 16 16
15798 0 16
15806 1 16
15817 16 16
15826 16 16
15830 0 16
15833 0 16
15834 16 16
15842 16 16
15859 16 16
15864 16 16
15868 16 16
15873 3 16
15883 0 16
15890 0 16
15900 16 16
15908 16 16
15915 0 16
15920 1 16
15921 16 16
15931 16 16
15932 16 16
15939 0 16
15945 16 16
15950 0 16
15957 0 16
15961 16 16
15968 1 16
15974 16 16
15983 16 16
15987 16 16
15990 16 16
15996 16 16
16009 16 16
16018 0 16
16022 16 16
16023 16 16
16024 4 16
16031 16 16
16046 0 16
16051 1 16
16064 0 16
16072 16 16
16074 0 16
16076 16 16
16081 16 16
16082 16 16
16083 16 16
16090 16 16
16095 16 16
16100 0 16
16106 16 16
16108 16 16
16123 1 16
16126 16 16
16128 1 16
16129 16 16
16137 16 16
16144 6 16
16150 16 16
16151 0 16
16157 16 16
16165 0 16
16166 16 16
16177 6 16
16182 16 16
16193 16 16
16196 16 16
16198 16 16
16201 16 16
16235 16 16
16236 1 16
16250 0 16
16252 0 16
16253 0 16
16256 0 16
16259 16 16
16268 16 16
16272 16 16
16283 16 16
16288 16 16
16293 16 16
16305 16 16
16311 16 16
16314 0 16
16315 16 16
16317 16 16
16323 6 16
16329 0 16
16333 16 16
16334 16 16
16337 16 16
16351 16 16
16356 16 16
16360 1 16
16362 16 16
16363 16 16
16375 16 16
16382 16 16
16383 0 16
16384 0 16
16388 16 16
16389 1 16
16390 16 16
16394 0 16
16395 16 16
16397 16 16
16405 0 16
16428 17 17
16431 17 17
16433 0 17
16434 17 17
16440 17 17
16443 17 17
16451 17 17
16459 17 17
16464 17 17
16467 17 17
16477 17 17
16479 0 17
16480 17 17
16482 0 17
16483 17 17
16487 17 17
16488 17 17
16501 17 17
16503 17 17
16506 17 17
16515 17 17
16517 17 17
16522 17 17
16524 17 17
16532 17 17
16542 17 17
16545 17 17
16546 17 17
16547 17 17
16562 17 17
16563 0 17
16570 17 17
16587 17 17
16590 17 17
16593 17 17
16605 17 17
16622 17 17
16624 17 17
16633 1 17
16635 1 17
16641 17 17
16648 17 17
16650 0 17
16653 17 17
16655 17 17
16660 17 17
16674 17 17
16681 17 17
16684 17 17
16690 17 17
16695 17 17
16703 17 17
16707 17 17
16714 0 17
16716 17 17
16717 1 17
16720 17 17
16723 17 17
16726 17 17
16729 0 17
16730 17 17
16739 17 17
16740 1 17
16745 17 17
16767 17 17
16768 17 17
16777 0 17
16783 17 17
16785 0 17
16789 17 17
16793 17 17
16812 1 17
16814 17 17
16819 17 17
16821 17 17
16842 17 17
16845 0 17
16848 17 17
16854 17 17
16859 17 17
16860 17 17
16861 17 17
16870 17 17
16876 0 17
16877 17 17
16884 17 17
16893 17 17
16897 17 17
16925 17 17
16934 17 17
16937 17 17
16947 17 17
16954 1 17
16957 0 17
16971 9 17
16973 17 17
16978 17 17
16979 10 17
16987 17 17
16988 17 17
16992 0 17
16994 17 17
16998 0 17
17008 17 17
17018 17 17
17035 17 17
17039 17 17
17042 17 17
17048 0 17
17051 0 17
17056 0 17
17069 17 17
17078 17 17
17080 0 17
17097 17 17
17108 17 17
17115 17 17
17122 17 17
17132 17 17
17135 17 17
17137 1 17
17140 17 17
17147 17 17
17153 17 17
17161 6 17
17171 17 17
17208 17 17
17209 17 17
17218 15 17
17224 17 17
17229 17 17
17231 17 17
17237 0 17
17242 17 17
17247 1 17
17256 0 17
17259 17 17
17260 7 17
17262 17 17
17267 17 17
17269 17 17
17276 17 17
17278 17 17
17280 17 17
17290 0 17
17299 17 17
17304 1 17
17316 17 17
17319 17 17
17321 17 17
17327 17 17
17329 17 17
17339 17 17
17344 17 17
17346 17 17
17351 17 17
17359 17 17
17369 0 18
17381 0 18
17386 0 18
17391 18 18
17403 0 18
17407 18 18
17409 18 18
17410 18 18
17421 0 18
17422 18 18
17433 18 18
17439 18 18
17453 14 18
17455 1 18
17461 1 18
17464 18 18
17465 18 18
17466 0 18
17467 0 18
17473 0 18
17479 0 18
17480 1 18
17487 0 18
17497 0 18
17498 1 18
17507 18 18
17514 0 18
17523 1 18
17526 15 18
17539 0 18
17540 17 18
17551 18 18
17556 0 18
17557 18 18
17568 18 18
17576 18 18
17577 18 18
17579 1 18
17588 0 18
17611 8 18
17613 18 18
17617 0 18
17624 0 18
17627 0 18
17634 18 18
17635 18 18
17638 0 18
17646 18 18
17649 4 18
17652 10 18
17654 1 18
17658 0 18
17659 18 18
17673 18 18
17689 18 18
17692 1 18
17703 18 18
17707 18 18
17709 18 18
17714 0 18
17721 18 18
17722 18 18
17725 0 18
17727 18 18
17733 1 18
17735 18 18
17740 0 18
17747 0 18
17760 0 18
17764 18 18
17783 0 18
17784 1 18
17793 1 18
17796 0 18
17797 0 18
17805 0 18
17813 2 18
17814 18 18
17817 0 18
17822 4 18
17830 1 18
17839 0 18
17841 18 18
17851 18 18
17855 18 18
17859 18 18
17870 0 18
17894 18 18
17896 6 18
17899 1 18
17919 2 18
17928 18 18
17945 18 18
17946 1 18
17957 18 18
17958 16 18
17959 0 18
17960 0 18
17965 18 18
17974 18 18
17976 18 18
17987 18 18
17989 18 18
17990 18 18
17993 18 18
18000 18 18
18001 0 18
18014 5 18
18020 0 18
18035 0 18
18037 18 18
18045 0 18
18054 18 18
18062 3 18
18063 18 18
18067 18 18
18070 18 18
18073 18 18
18074 0 18
18077 18 18
18078 18 18
18086 18 18
18089 0 18
18090 0 18
18091 17 18
18101 2 18
18119 18 18
18123 18 18
18126 0 18
18137 0 18
18139 19 19
18143 0 19
18145 0 19
18146 0 19
18149 15 19
18155 19 19
18175 1 19
18178 0 19
18180 0 19
18181 0 19
18195 19 19
18196 0 19
18213 0 19
18218 19 19
18223 15 19
18233 0 19
18239 15 19
18253 0 19
18268 0 19
18270 0 19
18278 19 19
18279 19 19
18286 0 19
18291 1 19
18292 19 19
18296 0 19
18298 1 19
18300 19 19
18305 15 19
18313 0 19
18321 15 19
18327 0 19
18328 0 19
18331 19 19
18336 19 19
18341 1 19
18351 19 19
18360 0 19
18363 0 19
18364 19 19
18365 0 19
18371 1 19
18373 19 19
18378 0 19
18383 19 19
18393 0 19
18396 15 19
18401 19 19
18402 19 19
18405 0 19
18410 0 19
18414 1 19
18417 1 19
18422 0 19
18428 19 19
18434 19 19
18439 0 19
18442 0 19
18445 0 19
18454 0 19
18463 15 19
18464 0 19
18468 0 19
18469 1 19
18479 0 19
18488 0 19
18493 19 19
18494 0 19
18495 2 19
18500 0 19
18513 0 19
18534 19 19
18538 0 19
18548 1 19
18551 0 19
18555 1 19
18556 15 19
18559 1 19
18560 0 19
18561 19 19
18563 2 19
18568 19 19
18571 19 19
18584 15 19
18598 0 19
18610 19 19
18618 15 19
18620 0 19
18629 2 19
18637 19 19
18645 0 19
18649 15 19
18651 0 19
18660 0 19
18678 0 19
18683 19 19
18699 0 19
18709 19 19
18710 3 19
18714 15 19
18723 19 19
18724 19 19
18730 0 19
18737 0 19
18748 15 19
